#1/cm	sum, dif: SCP	 DCPI	 DCPII	 SCPc	 # Gain 5.1 e/ADc # Power at sample 313 mW # Cycles 20 # Total times [s] 470.689 470.689 470.689 470.689
2242.17	1.21377e+07	840	0	0	0	0	0	0	
2245.23	1.21451e+07	-675	0	0	0	0	0	0	
2248.29	1.21576e+07	1050	0	0	0	0	0	0	
2251.35	1.21795e+07	1023	0	0	0	0	0	0	
2254.41	1.21992e+07	609	0	0	0	0	0	0	
2257.46	1.22114e+07	-1921	0	0	0	0	0	0	
2260.51	1.2223e+07	1096	0	0	0	0	0	0	
2263.56	1.22252e+07	1081	0	0	0	0	0	0	
2266.61	1.22223e+07	-1076	0	0	0	0	0	0	
2269.66	1.22317e+07	-233	0	0	0	0	0	0	
2272.7	1.22365e+07	-378	0	0	0	0	0	0	
2275.75	1.22366e+07	1161	0	0	0	0	0	0	
2278.79	1.22396e+07	-1455	0	0	0	0	0	0	
2281.83	1.22358e+07	-2132	0	0	0	0	0	0	
2284.87	1.22331e+07	-265	0	0	0	0	0	0	
2287.9	1.22338e+07	-318	0	0	0	0	0	0	
2290.94	1.22331e+07	-1315	0	0	0	0	0	0	
2293.97	1.22387e+07	772	0	0	0	0	0	0	
2297	1.22302e+07	440	0	0	0	0	0	0	
2300.03	1.22354e+07	-2884	0	0	0	0	0	0	
2303.05	1.2237e+07	594	0	0	0	0	0	0	
2306.08	1.22399e+07	-632	0	0	0	0	0	0	
2309.1	1.22378e+07	1038	0	0	0	0	0	0	
2312.12	1.22438e+07	-971	0	0	0	0	0	0	
2315.14	1.22519e+07	38	0	0	0	0	0	0	
2318.15	1.22518e+07	-1479	0	0	0	0	0	0	
2321.17	1.22543e+07	-633	0	0	0	0	0	0	
2324.18	1.22632e+07	-580	0	0	0	0	0	0	
2327.19	1.22694e+07	176	0	0	0	0	0	0	
2330.2	1.22863e+07	-358	0	0	0	0	0	0	
2333.21	1.22988e+07	25	0	0	0	0	0	0	
2336.22	1.23017e+07	-629	0	0	0	0	0	0	
2339.22	1.23008e+07	-1203	0	0	0	0	0	0	
2342.22	1.23019e+07	-558	0	0	0	0	0	0	
2345.22	1.23017e+07	-907	0	0	0	0	0	0	
2348.22	1.23033e+07	174	0	0	0	0	0	0	
2351.22	1.23024e+07	1282	0	0	0	0	0	0	
2354.21	1.2312e+07	433	0	0	0	0	0	0	
2357.21	1.23139e+07	-2242	0	0	0	0	0	0	
2360.2	1.23183e+07	-1005	0	0	0	0	0	0	
2363.18	1.23247e+07	-801	0	0	0	0	0	0	
2366.17	1.23288e+07	-654	0	0	0	0	0	0	
2369.16	1.23353e+07	-1400	0	0	0	0	0	0	
2372.14	1.23363e+07	-1694	0	0	0	0	0	0	
2375.12	1.23452e+07	-434	0	0	0	0	0	0	
2378.1	1.23547e+07	-1120	0	0	0	0	0	0	
2381.08	1.23602e+07	544	0	0	0	0	0	0	
2384.06	1.23615e+07	-146	0	0	0	0	0	0	
2387.03	1.23704e+07	-1070	0	0	0	0	0	0	
2390	1.2377e+07	-170	0	0	0	0	0	0	
2392.97	1.23902e+07	812	0	0	0	0	0	0	
2395.94	1.2391e+07	-441	0	0	0	0	0	0	
2398.91	1.23937e+07	275	0	0	0	0	0	0	
2401.87	1.24001e+07	-429	0	0	0	0	0	0	
2404.84	1.24067e+07	-740	0	0	0	0	0	0	
2407.8	1.24153e+07	1125	0	0	0	0	0	0	
2410.76	1.24226e+07	1100	0	0	0	0	0	0	
2413.71	1.2428e+07	1033	0	0	0	0	0	0	
2416.67	1.24398e+07	839	0	0	0	0	0	0	
2419.62	1.24423e+07	1149	0	0	0	0	0	0	
2422.58	1.24497e+07	-66	0	0	0	0	0	0	
2425.53	1.24561e+07	1332	0	0	0	0	0	0	
2428.47	1.24692e+07	365	0	0	0	0	0	0	
2431.42	1.24766e+07	-2579	0	0	0	0	0	0	
2434.37	1.24825e+07	-277	0	0	0	0	0	0	
2437.31	1.24889e+07	278	0	0	0	0	0	0	
2440.25	1.25025e+07	804	0	0	0	0	0	0	
2443.19	1.25072e+07	-642	0	0	0	0	0	0	
2446.13	1.252e+07	-713	0	0	0	0	0	0	
2449.06	1.25303e+07	-1960	0	0	0	0	0	0	
2452	1.25388e+07	-1894	0	0	0	0	0	0	
2454.93	1.25498e+07	760	0	0	0	0	0	0	
2457.86	1.25621e+07	-713	0	0	0	0	0	0	
2460.79	1.25758e+07	1772	0	0	0	0	0	0	
2463.71	1.25862e+07	1550	0	0	0	0	0	0	
2466.64	1.26009e+07	35	0	0	0	0	0	0	
2469.56	1.2613e+07	-1017	0	0	0	0	0	0	
2472.48	1.26302e+07	330	0	0	0	0	0	0	
2475.4	1.26467e+07	-1100	0	0	0	0	0	0	
2478.32	1.26639e+07	-285	0	0	0	0	0	0	
2481.23	1.26815e+07	998	0	0	0	0	0	0	
2484.15	1.2705e+07	-807	0	0	0	0	0	0	
2487.06	1.27193e+07	37	0	0	0	0	0	0	
2489.97	1.27229e+07	1432	0	0	0	0	0	0	
2492.88	1.27407e+07	262	0	0	0	0	0	0	
2495.78	1.27594e+07	497	0	0	0	0	0	0	
2498.69	1.2773e+07	-762	0	0	0	0	0	0	
2501.59	1.27866e+07	-58	0	0	0	0	0	0	
2504.49	1.28022e+07	-2716	0	0	0	0	0	0	
2507.39	1.28177e+07	-226	0	0	0	0	0	0	
2510.29	1.2827e+07	-259	0	0	0	0	0	0	
2513.18	1.28392e+07	292	0	0	0	0	0	0	
2516.08	1.28496e+07	179	0	0	0	0	0	0	
2518.97	1.28652e+07	-1161	0	0	0	0	0	0	
2521.86	1.28721e+07	-773	0	0	0	0	0	0	
2524.75	1.28862e+07	-246	0	0	0	0	0	0	
2527.64	1.28985e+07	-2525	0	0	0	0	0	0	
2530.52	1.29131e+07	27	0	0	0	0	0	0	
2533.4	1.29226e+07	-348	0	0	0	0	0	0	
2536.28	1.29334e+07	-510	0	0	0	0	0	0	
2539.16	1.2941e+07	-340	0	0	0	0	0	0	
2542.04	1.29533e+07	1171	0	0	0	0	0	0	
2544.92	1.29628e+07	-338	0	0	0	0	0	0	
2547.79	1.29759e+07	-583	0	0	0	0	0	0	
2550.66	1.29871e+07	798	0	0	0	0	0	0	
2553.53	1.30119e+07	-127	0	0	0	0	0	0	
2556.4	1.30202e+07	439	0	0	0	0	0	0	
2559.27	1.30326e+07	990	0	0	0	0	0	0	
2562.14	1.30551e+07	1677	0	0	0	0	0	0	
2565	1.30696e+07	913	0	0	0	0	0	0	
2567.86	1.30862e+07	1140	0	0	0	0	0	0	
2570.72	1.31129e+07	1031	0	0	0	0	0	0	
2573.58	1.31302e+07	1024	0	0	0	0	0	0	
2576.43	1.31544e+07	643	0	0	0	0	0	0	
2579.29	1.31727e+07	344	0	0	0	0	0	0	
2582.14	1.31931e+07	-366	0	0	0	0	0	0	
2584.99	1.32139e+07	805	0	0	0	0	0	0	
2587.84	1.32394e+07	1137	0	0	0	0	0	0	
2590.69	1.32596e+07	789	0	0	0	0	0	0	
2593.53	1.32799e+07	764	0	0	0	0	0	0	
2596.38	1.33056e+07	-65	0	0	0	0	0	0	
2599.22	1.33303e+07	1623	0	0	0	0	0	0	
2602.06	1.33565e+07	-384	0	0	0	0	0	0	
2604.9	1.33828e+07	-1922	0	0	0	0	0	0	
2607.73	1.34079e+07	-549	0	0	0	0	0	0	
2610.57	1.34365e+07	3034	0	0	0	0	0	0	
2613.4	1.34661e+07	743	0	0	0	0	0	0	
2616.23	1.35102e+07	-489	0	0	0	0	0	0	
2619.06	1.35392e+07	-1195	0	0	0	0	0	0	
2621.89	1.35684e+07	722	0	0	0	0	0	0	
2624.72	1.35985e+07	-946	0	0	0	0	0	0	
2627.54	1.36348e+07	560	0	0	0	0	0	0	
2630.36	1.36647e+07	-1971	0	0	0	0	0	0	
2633.19	1.37024e+07	-239	0	0	0	0	0	0	
2636	1.37329e+07	260	0	0	0	0	0	0	
2638.82	1.37692e+07	-1671	0	0	0	0	0	0	
2641.64	1.38045e+07	-1008	0	0	0	0	0	0	
2644.45	1.38474e+07	1155	0	0	0	0	0	0	
2647.26	1.3874e+07	-3111	0	0	0	0	0	0	
2650.07	1.39092e+07	635	0	0	0	0	0	0	
2652.88	1.39459e+07	550	0	0	0	0	0	0	
2655.69	1.39753e+07	1708	0	0	0	0	0	0	
2658.49	1.4011e+07	2191	0	0	0	0	0	0	
2661.3	1.40533e+07	562	0	0	0	0	0	0	
2664.1	1.40932e+07	-67	0	0	0	0	0	0	
2666.9	1.41292e+07	-182	0	0	0	0	0	0	
2669.7	1.41757e+07	457	0	0	0	0	0	0	
2672.49	1.42182e+07	352	0	0	0	0	0	0	
2675.29	1.42606e+07	-1499	0	0	0	0	0	0	
2678.08	1.43064e+07	-2234	0	0	0	0	0	0	
2680.87	1.43593e+07	-151	0	0	0	0	0	0	
2683.66	1.44115e+07	-1523	0	0	0	0	0	0	
2686.45	1.44746e+07	215	0	0	0	0	0	0	
2689.23	1.45386e+07	3812	0	0	0	0	0	0	
2692.02	1.46024e+07	-1328	0	0	0	0	0	0	
2694.8	1.4672e+07	-1663	0	0	0	0	0	0	
2697.58	1.47426e+07	-729	0	0	0	0	0	0	
2700.36	1.48191e+07	151	0	0	0	0	0	0	
2703.14	1.48815e+07	-1381	0	0	0	0	0	0	
2705.91	1.49428e+07	370	0	0	0	0	0	0	
2708.68	1.49906e+07	-508	0	0	0	0	0	0	
2711.46	1.50342e+07	815	0	0	0	0	0	0	
2714.23	1.50652e+07	-293	0	0	0	0	0	0	
2716.99	1.50931e+07	-243	0	0	0	0	0	0	
2719.76	1.51174e+07	-463	0	0	0	0	0	0	
2722.53	1.51376e+07	-1472	0	0	0	0	0	0	
2725.29	1.51588e+07	-111	0	0	0	0	0	0	
2728.05	1.5179e+07	-281	0	0	0	0	0	0	
2730.81	1.52071e+07	1342	0	0	0	0	0	0	
2733.57	1.52308e+07	1238	0	0	0	0	0	0	
2736.33	1.52623e+07	499	0	0	0	0	0	0	
2739.08	1.53001e+07	486	0	0	0	0	0	0	
2741.83	1.53329e+07	-176	0	0	0	0	0	0	
2744.58	1.53773e+07	-1113	0	0	0	0	0	0	
2747.33	1.54343e+07	-199	0	0	0	0	0	0	
2750.08	1.54849e+07	-1059	0	0	0	0	0	0	
2752.83	1.55427e+07	-2300	0	0	0	0	0	0	
2755.57	1.56042e+07	494	0	0	0	0	0	0	
2758.31	1.56614e+07	-249	0	0	0	0	0	0	
2761.06	1.57272e+07	-866	0	0	0	0	0	0	
2763.79	1.57967e+07	2	0	0	0	0	0	0	
2766.53	1.58644e+07	2621	0	0	0	0	0	0	
2769.27	1.59355e+07	3227	0	0	0	0	0	0	
2772	1.60093e+07	-392	0	0	0	0	0	0	
2774.73	1.60884e+07	727	0	0	0	0	0	0	
2777.46	1.61728e+07	-93	0	0	0	0	0	0	
2780.19	1.62611e+07	487	0	0	0	0	0	0	
2782.92	1.63415e+07	-1042	0	0	0	0	0	0	
2785.65	1.64321e+07	-1144	0	0	0	0	0	0	
2788.37	1.65252e+07	1899	0	0	0	0	0	0	
2791.09	1.66145e+07	3205	0	0	0	0	0	0	
2793.81	1.67118e+07	-809	0	0	0	0	0	0	
2796.53	1.68007e+07	-2894	0	0	0	0	0	0	
2799.25	1.6908e+07	-2166	0	0	0	0	0	0	
2801.96	1.70133e+07	920	0	0	0	0	0	0	
2804.68	1.71308e+07	85	0	0	0	0	0	0	
2807.39	1.72463e+07	-361	0	0	0	0	0	0	
2810.1	1.73798e+07	-1142	0	0	0	0	0	0	
2812.81	1.75189e+07	-168	0	0	0	0	0	0	
2815.51	1.76649e+07	280	0	0	0	0	0	0	
2818.22	1.78264e+07	959	0	0	0	0	0	0	
2820.92	1.80079e+07	995	0	0	0	0	0	0	
2823.63	1.81982e+07	954	0	0	0	0	0	0	
2826.33	1.8405e+07	1617	0	0	0	0	0	0	
2829.02	1.8631e+07	-1087	0	0	0	0	0	0	
2831.72	1.88743e+07	-936	0	0	0	0	0	0	
2834.42	1.91265e+07	-1350	0	0	0	0	0	0	
2837.11	1.93825e+07	698	0	0	0	0	0	0	
2839.8	1.96494e+07	3510	0	0	0	0	0	0	
2842.49	1.99234e+07	-451	0	0	0	0	0	0	
2845.18	2.01903e+07	2758	0	0	0	0	0	0	
2847.87	2.04498e+07	1399	0	0	0	0	0	0	
2850.55	2.07182e+07	1959	0	0	0	0	0	0	
2853.23	2.10199e+07	-2484	0	0	0	0	0	0	
2855.92	2.13594e+07	-80	0	0	0	0	0	0	
2858.6	2.17428e+07	1366	0	0	0	0	0	0	
2861.27	2.22087e+07	3935	0	0	0	0	0	0	
2863.95	2.2748e+07	-1336	0	0	0	0	0	0	
2866.62	2.33745e+07	2261	0	0	0	0	0	0	
2869.3	2.40949e+07	-4146	0	0	0	0	0	0	
2871.97	2.48752e+07	-1162	0	0	0	0	0	0	
2874.64	2.5675e+07	-1720	0	0	0	0	0	0	
2877.31	2.64696e+07	187	0	0	0	0	0	0	
2879.97	2.72293e+07	1351	0	0	0	0	0	0	
2882.64	2.79186e+07	-947	0	0	0	0	0	0	
2885.3	2.85037e+07	-484	0	0	0	0	0	0	
2887.96	2.89695e+07	1166	0	0	0	0	0	0	
2890.62	2.93442e+07	-2570	0	0	0	0	0	0	
2893.28	2.9668e+07	-1816	0	0	0	0	0	0	
2895.94	3.00373e+07	1188	0	0	0	0	0	0	
2898.59	3.0521e+07	140	0	0	0	0	0	0	
2901.25	3.12173e+07	-1271	0	0	0	0	0	0	
2903.9	3.21982e+07	376	0	0	0	0	0	0	
2906.55	3.35341e+07	1281	0	0	0	0	0	0	
2909.2	3.5275e+07	-1987	0	0	0	0	0	0	
2911.84	3.74441e+07	-3616	0	0	0	0	0	0	
2914.49	3.99936e+07	-1736	0	0	0	0	0	0	
2917.13	4.28488e+07	-1266	0	0	0	0	0	0	
2919.77	4.58414e+07	1193	0	0	0	0	0	0	
2922.41	4.88113e+07	855	0	0	0	0	0	0	
2925.05	5.16561e+07	1540	0	0	0	0	0	0	
2927.69	5.42853e+07	514	0	0	0	0	0	0	
2930.32	5.67117e+07	-1122	0	0	0	0	0	0	
2932.96	5.88994e+07	3382	0	0	0	0	0	0	
2935.59	6.08642e+07	-2868	0	0	0	0	0	0	
2938.22	6.25359e+07	-1694	0	0	0	0	0	0	
2940.85	6.38571e+07	-576	0	0	0	0	0	0	
2943.47	6.48601e+07	-5470	0	0	0	0	0	0	
2946.1	6.54635e+07	1092	0	0	0	0	0	0	
2948.72	6.56883e+07	1564	0	0	0	0	0	0	
2951.34	6.55105e+07	2819	0	0	0	0	0	0	
2953.97	6.50553e+07	1115	0	0	0	0	0	0	
2956.58	6.4358e+07	3323	0	0	0	0	0	0	
2959.2	6.34128e+07	1954	0	0	0	0	0	0	
2961.82	6.22778e+07	2493	0	0	0	0	0	0	
2964.43	6.10744e+07	-824	0	0	0	0	0	0	
2967.04	5.97883e+07	1083	0	0	0	0	0	0	
2969.65	5.85064e+07	-2086	0	0	0	0	0	0	
2972.26	5.72367e+07	-2835	0	0	0	0	0	0	
2974.87	5.60191e+07	-2203	0	0	0	0	0	0	
2977.47	5.48971e+07	2910	0	0	0	0	0	0	
2980.08	5.38388e+07	-148	0	0	0	0	0	0	
2982.68	5.29027e+07	3166	0	0	0	0	0	0	
2985.28	5.20726e+07	4241	0	0	0	0	0	0	
2987.88	5.13232e+07	-2356	0	0	0	0	0	0	
2990.48	5.06987e+07	1146	0	0	0	0	0	0	
2993.07	5.01354e+07	-1671	0	0	0	0	0	0	
2995.67	4.96605e+07	3584	0	0	0	0	0	0	
2998.26	4.92968e+07	-5052	0	0	0	0	0	0	
3000.85	4.90332e+07	1585	0	0	0	0	0	0	
3003.44	4.88769e+07	-2360	0	0	0	0	0	0	
3006.03	4.88412e+07	1411	0	0	0	0	0	0	
3008.61	4.89196e+07	2732	0	0	0	0	0	0	
3011.2	4.91052e+07	-1028	0	0	0	0	0	0	
3013.78	4.94183e+07	4083	0	0	0	0	0	0	
3016.36	4.9859e+07	13	0	0	0	0	0	0	
3018.94	5.03798e+07	-2895	0	0	0	0	0	0	
3021.52	5.09971e+07	2863	0	0	0	0	0	0	
3024.1	5.16949e+07	2612	0	0	0	0	0	0	
3026.67	5.24886e+07	5237	0	0	0	0	0	0	
3029.25	5.33794e+07	3618	0	0	0	0	0	0	
3031.82	5.43310e+07	1344	0	0	0	0	0	0	
3034.39	5.5356e+07	683	0	0	0	0	0	0	
3036.96	5.64424e+07	-3999	0	0	0	0	0	0	
3039.52	5.7592e+07	-1599	0	0	0	0	0	0	
3042.09	5.88115e+07	-835	0	0	0	0	0	0	
3044.65	6.00539e+07	966	0	0	0	0	0	0	
3047.21	6.13774e+07	-4880	0	0	0	0	0	0	
3049.77	6.27609e+07	2624	0	0	0	0	0	0	
3052.33	6.41756e+07	3176	0	0	0	0	0	0	
3054.89	6.56523e+07	-2460	0	0	0	0	0	0	
3057.45	6.71907e+07	-1520	0	0	0	0	0	0	
3060	6.8775e+07	4779	0	0	0	0	0	0	
3062.55	7.03884e+07	-3577	0	0	0	0	0	0	
3065.1	7.2063e+07	-210	0	0	0	0	0	0	
3067.65	7.37801e+07	8999	0	0	0	0	0	0	
3070.2	7.55538e+07	-4938	0	0	0	0	0	0	
3072.75	7.73578e+07	7652	0	0	0	0	0	0	
3075.29	7.91782e+07	-3284	0	0	0	0	0	0	
3077.83	8.1204e+07	-2573	0	0	0	0	0	0	
3080.37	8.31873e+07	-1270	0	0	0	0	0	0	
3082.91	8.52188e+07	3877	0	0	0	0	0	0	
3085.45	8.72686e+07	-3084	0	0	0	0	0	0	
3087.99	8.94165e+07	5414	0	0	0	0	0	0	
3090.52	9.15926e+07	665	0	0	0	0	0	0	
3093.06	9.38436e+07	3488	0	0	0	0	0	0	
3095.59	9.61467e+07	69	0	0	0	0	0	0	
3098.12	9.85065e+07	2339	0	0	0	0	0	0	
3100.65	1.00929e+08	2422	0	0	0	0	0	0	
3103.18	1.03397e+08	-176	0	0	0	0	0	0	
3105.7	1.05937e+08	6837	0	0	0	0	0	0	
3108.23	1.08548e+08	4798	0	0	0	0	0	0	
3110.75	1.11186e+08	15274	0	0	0	0	0	0	
3113.27	1.13956e+08	-1559	0	0	0	0	0	0	
3115.79	1.16812e+08	2683	0	0	0	0	0	0	
3118.31	1.19729e+08	2266	0	0	0	0	0	0	
3120.82	1.22714e+08	2002	0	0	0	0	0	0	
3123.34	1.25699e+08	816	0	0	0	0	0	0	
3125.85	1.28758e+08	5629	0	0	0	0	0	0	
3128.36	1.319e+08	-4759	0	0	0	0	0	0	
3130.87	1.35156e+08	4986	0	0	0	0	0	0	
3133.38	1.38444e+08	-1598	0	0	0	0	0	0	
3135.88	1.41801e+08	3668	0	0	0	0	0	0	
3138.39	1.45191e+08	7604	0	0	0	0	0	0	
3140.89	1.48712e+08	5098	0	0	0	0	0	0	
3143.4	1.52178e+08	2538	0	0	0	0	0	0	
3145.9	1.55743e+08	7467	0	0	0	0	0	0	
3148.39	1.59294e+08	7793	0	0	0	0	0	0	
3150.89	1.62925e+08	12235	0	0	0	0	0	0	
3153.39	1.6667e+08	-953	0	0	0	0	0	0	
3155.88	1.70379e+08	-11814	0	0	0	0	0	0	
3158.37	1.74166e+08	2493	0	0	0	0	0	0	
3160.87	1.77958e+08	5430	0	0	0	0	0	0	
3163.36	1.81738e+08	6561	0	0	0	0	0	0	
3165.84	1.85571e+08	12380	0	0	0	0	0	0	
3168.33	1.89397e+08	8937	0	0	0	0	0	0	
3170.81	1.93216e+08	2667	0	0	0	0	0	0	
3173.3	1.97066e+08	5512	0	0	0	0	0	0	
3175.78	2.00964e+08	2958	0	0	0	0	0	0	
3178.26	2.04904e+08	12588	0	0	0	0	0	0	
3180.74	2.0873e+08	5490	0	0	0	0	0	0	
3183.22	2.12575e+08	11317	0	0	0	0	0	0	
3185.69	2.16329e+08	-8959	0	0	0	0	0	0	
3188.17	2.19937e+08	3072	0	0	0	0	0	0	
3190.64	2.23769e+08	10431	0	0	0	0	0	0	
3193.11	2.27505e+08	11520	0	0	0	0	0	0	
3195.58	2.31175e+08	12232	0	0	0	0	0	0	
3198.05	2.34758e+08	6248	0	0	0	0	0	0	
3200.51	2.38306e+08	8546	0	0	0	0	0	0	
3202.98	2.4172e+08	7211	0	0	0	0	0	0	
3205.44	2.45044e+08	3383	0	0	0	0	0	0	
3207.9	2.48325e+08	503	0	0	0	0	0	0	
3210.36	2.5149e+08	22760	0	0	0	0	0	0	
3212.82	2.54734e+08	3008	0	0	0	0	0	0	
3215.28	2.57879e+08	3351	0	0	0	0	0	0	
3217.73	2.60862e+08	11832	0	0	0	0	0	0	
3220.19	2.63708e+08	6299	0	0	0	0	0	0	
3222.64	2.66504e+08	-607	0	0	0	0	0	0	
3225.09	2.69163e+08	17075	0	0	0	0	0	0	
3227.54	2.71741e+08	3975	0	0	0	0	0	0	
3229.99	2.74201e+08	7582	0	0	0	0	0	0	
3232.44	2.76618e+08	19844	0	0	0	0	0	0	
3234.88	2.78952e+08	13393	0	0	0	0	0	0	
3237.32	2.81223e+08	7016	0	0	0	0	0	0	
3239.77	2.83344e+08	9257	0	0	0	0	0	0	
3242.21	2.85311e+08	1683	0	0	0	0	0	0	
3244.65	2.87166e+08	9225	0	0	0	0	0	0	
3247.08	2.88972e+08	8867	0	0	0	0	0	0	
3249.52	2.90673e+08	2746	0	0	0	0	0	0	
3251.95	2.9249e+08	10411	0	0	0	0	0	0	
3254.39	2.94186e+08	14320	0	0	0	0	0	0	
3256.82	2.9567e+08	10648	0	0	0	0	0	0	
3259.25	2.97212e+08	-1929	0	0	0	0	0	0	
3261.67	2.98697e+08	10925	0	0	0	0	0	0	
3264.1	3.00091e+08	14880	0	0	0	0	0	0	
3266.53	3.01433e+08	3601	0	0	0	0	0	0	
3268.95	3.02693e+08	10514	0	0	0	0	0	0	
3271.37	3.03885e+08	6709	0	0	0	0	0	0	
3273.79	3.05126e+08	1140	0	0	0	0	0	0	
3276.21	3.0643e+08	7645	0	0	0	0	0	0	
3278.63	3.07668e+08	-2095	0	0	0	0	0	0	
3281.05	3.08847e+08	-2610	0	0	0	0	0	0	
3283.46	3.09883e+08	17257	0	0	0	0	0	0	
3285.87	3.10947e+08	5549	0	0	0	0	0	0	
3288.29	3.12094e+08	19369	0	0	0	0	0	0	
3290.7	3.13224e+08	5702	0	0	0	0	0	0	
3293.1	3.14342e+08	6378	0	0	0	0	0	0	
3295.51	3.15601e+08	5324	0	0	0	0	0	0	
3297.92	3.16719e+08	-180	0	0	0	0	0	0	
3300.32	3.17869e+08	8313	0	0	0	0	0	0	
3302.72	3.18933e+08	5478	0	0	0	0	0	0	
3305.13	3.2017e+08	6588	0	0	0	0	0	0	
3307.53	3.21297e+08	6787	0	0	0	0	0	0	
3309.92	3.22562e+08	21048	0	0	0	0	0	0	
3312.32	3.23879e+08	3035	0	0	0	0	0	0	
3314.72	3.25281e+08	973	0	0	0	0	0	0	
3317.11	3.26588e+08	6123	0	0	0	0	0	0	
3319.5	3.27863e+08	3613	0	0	0	0	0	0	
3321.89	3.29361e+08	20453	0	0	0	0	0	0	
3324.28	3.30942e+08	11003	0	0	0	0	0	0	
3326.67	3.32422e+08	15571	0	0	0	0	0	0	
3329.06	3.33918e+08	-43	0	0	0	0	0	0	
3331.44	3.3533e+08	17549	0	0	0	0	0	0	
3333.82	3.37163e+08	21469	0	0	0	0	0	0	
3336.21	3.38935e+08	19290	0	0	0	0	0	0	
3338.59	3.40691e+08	12374	0	0	0	0	0	0	
3340.97	3.42451e+08	4852	0	0	0	0	0	0	
3343.34	3.44269e+08	-3387	0	0	0	0	0	0	
3345.72	3.4594e+08	4226	0	0	0	0	0	0	
3348.09	3.47941e+08	7339	0	0	0	0	0	0	
3350.47	3.49962e+08	-3935	0	0	0	0	0	0	
3352.84	3.51966e+08	23198	0	0	0	0	0	0	
3355.21	3.54004e+08	8665	0	0	0	0	0	0	
3357.58	3.56213e+08	-1010	0	0	0	0	0	0	
3359.94	3.58293e+08	18173	0	0	0	0	0	0	
3362.31	3.60432e+08	-11073	0	0	0	0	0	0	
3364.67	3.62499e+08	25237	0	0	0	0	0	0	
3367.04	3.64539e+08	6240	0	0	0	0	0	0	
3369.4	3.66825e+08	3878	0	0	0	0	0	0	
3371.76	3.69005e+08	13865	0	0	0	0	0	0	
3374.11	3.71197e+08	16407	0	0	0	0	0	0	
3376.47	3.73239e+08	4487	0	0	0	0	0	0	
3378.83	3.75259e+08	20943	0	0	0	0	0	0	
3381.18	3.77557e+08	-5047	0	0	0	0	0	0	
3383.53	3.79612e+08	7665	0	0	0	0	0	0	
3385.88	3.81677e+08	24476	0	0	0	0	0	0	
3388.23	3.83566e+08	15319	0	0	0	0	0	0	
3390.58	3.85443e+08	-1064	0	0	0	0	0	0	
3392.93	3.87382e+08	16710	0	0	0	0	0	0	
3395.27	3.89193e+08	10580	0	0	0	0	0	0	
3397.62	3.9111e+08	16522	0	0	0	0	0	0	
3399.96	3.92754e+08	413	0	0	0	0	0	0	
3402.3	3.9429e+08	7811	0	0	0	0	0	0	
3404.64	3.95732e+08	555	0	0	0	0	0	0	
3406.98	3.97163e+08	32882	0	0	0	0	0	0	
3409.31	3.98281e+08	3072	0	0	0	0	0	0	
3411.65	3.99481e+08	6615	0	0	0	0	0	0	
3413.98	4.0076e+08	-5835	0	0	0	0	0	0	
3416.31	4.01685e+08	-5249	0	0	0	0	0	0	
3418.65	4.02503e+08	-1239	0	0	0	0	0	0	
3420.97	4.0313e+08	3438	0	0	0	0	0	0	
3423.3	4.03588e+08	2623	0	0	0	0	0	0	
3425.63	4.04163e+08	6575	0	0	0	0	0	0	
3427.95	4.0453e+08	12083	0	0	0	0	0	0	
3430.28	4.04621e+08	8839	0	0	0	0	0	0	
3432.6	4.04752e+08	2059	0	0	0	0	0	0	
3434.92	4.04764e+08	12161	0	0	0	0	0	0	
3437.24	4.04733e+08	-9528	0	0	0	0	0	0	
3439.56	4.04452e+08	13297	0	0	0	0	0	0	
3441.87	4.04006e+08	12282	0	0	0	0	0	0	
3444.19	4.0334e+08	19460	0	0	0	0	0	0	
3446.5	4.02732e+08	602	0	0	0	0	0	0	
3448.81	4.01935e+08	694	0	0	0	0	0	0	
3451.12	4.01052e+08	-3751	0	0	0	0	0	0	
3453.43	4.00047e+08	-674	0	0	0	0	0	0	
3455.74	3.98919e+08	14243	0	0	0	0	0	0	
3458.05	3.97581e+08	10318	0	0	0	0	0	0	
3460.35	3.96054e+08	-3680	0	0	0	0	0	0	
3462.65	3.94649e+08	8974	0	0	0	0	0	0	
3464.96	3.93065e+08	-2430	0	0	0	0	0	0	
3467.26	3.91449e+08	4286	0	0	0	0	0	0	
3469.55	3.89509e+08	13823	0	0	0	0	0	0	
3471.85	3.87803e+08	3985	0	0	0	0	0	0	
3474.15	3.85829e+08	7774	0	0	0	0	0	0	
3476.44	3.83708e+08	14468	0	0	0	0	0	0	
3478.74	3.81449e+08	-4707	0	0	0	0	0	0	
3481.03	3.7905e+08	-10221	0	0	0	0	0	0	
3483.32	3.76622e+08	5303	0	0	0	0	0	0	
3485.61	3.74017e+08	14741	0	0	0	0	0	0	
3487.9	3.71455e+08	5890	0	0	0	0	0	0	
3490.18	3.68784e+08	8558	0	0	0	0	0	0	
3492.47	3.66031e+08	-831	0	0	0	0	0	0	
3494.75	3.63191e+08	18788	0	0	0	0	0	0	
3497.03	3.6003e+08	642	0	0	0	0	0	0	
3499.31	3.57077e+08	-13956	0	0	0	0	0	0	
3501.59	3.53946e+08	15115	0	0	0	0	0	0	
3503.87	3.50844e+08	8392	0	0	0	0	0	0	
3506.15	3.47545e+08	9273	0	0	0	0	0	0	
3508.42	3.44369e+08	6103	0	0	0	0	0	0	
3510.69	3.41174e+08	14134	0	0	0	0	0	0	
3512.97	3.37799e+08	8139	0	0	0	0	0	0	
3515.24	3.34333e+08	7006	0	0	0	0	0	0	
3517.51	3.30992e+08	-1202	0	0	0	0	0	0	
3519.77	3.27518e+08	-5702	0	0	0	0	0	0	
3522.04	3.24098e+08	11492	0	0	0	0	0	0	
3524.31	3.20595e+08	8006	0	0	0	0	0	0	
3526.57	3.17329e+08	7816	0	0	0	0	0	0	
3528.83	3.13914e+08	12300	0	0	0	0	0	0	
3531.09	3.10541e+08	15637	0	0	0	0	0	0	
3533.35	3.0715e+08	9473	0	0	0	0	0	0	
3535.61	3.03633e+08	10791	0	0	0	0	0	0	
3537.87	2.9988e+08	18506	0	0	0	0	0	0	
3540.12	2.96178e+08	1907	0	0	0	0	0	0	
3542.38	2.92551e+08	-5206	0	0	0	0	0	0	
3544.63	2.89009e+08	-1006	0	0	0	0	0	0	
3546.88	2.85468e+08	4360	0	0	0	0	0	0	
3549.13	2.81932e+08	-6010	0	0	0	0	0	0	
3551.38	2.78464e+08	-3252	0	0	0	0	0	0	
3553.62	2.75006e+08	329	0	0	0	0	0	0	
3555.87	2.71516e+08	9042	0	0	0	0	0	0	
3558.11	2.68071e+08	12923	0	0	0	0	0	0	
3560.36	2.64734e+08	-139	0	0	0	0	0	0	
3562.6	2.61393e+08	7032	0	0	0	0	0	0	
3564.84	2.58002e+08	1056	0	0	0	0	0	0	
3567.08	2.54631e+08	-633	0	0	0	0	0	0	
3569.31	2.51335e+08	293	0	0	0	0	0	0	
3571.55	2.48063e+08	2250	0	0	0	0	0	0	
3573.78	2.4475e+08	7690	0	0	0	0	0	0	
3576.02	2.41451e+08	5319	0	0	0	0	0	0	
3578.25	2.38213e+08	1896	0	0	0	0	0	0	
3580.48	2.35095e+08	12076	0	0	0	0	0	0	
3582.71	2.31938e+08	4224	0	0	0	0	0	0	
3584.94	2.28714e+08	2497	0	0	0	0	0	0	
3587.16	2.2551e+08	5983	0	0	0	0	0	0	
3589.39	2.22365e+08	-2782	0	0	0	0	0	0	
3591.61	2.19256e+08	3814	0	0	0	0	0	0	
3593.83	2.16096e+08	3720	0	0	0	0	0	0	
3596.05	2.13114e+08	-15862	0	0	0	0	0	0	
3598.27	2.09969e+08	-4504	0	0	0	0	0	0	
3600.49	2.07098e+08	772	0	0	0	0	0	0	
3602.71	2.0398e+08	2896	0	0	0	0	0	0	
3604.92	2.01049e+08	13860	0	0	0	0	0	0	
3607.13	1.97991e+08	8027	0	0	0	0	0	0	
3609.35	1.95018e+08	-374	0	0	0	0	0	0	
3611.56	1.91982e+08	5223	0	0	0	0	0	0	
3613.77	1.89067e+08	10385	0	0	0	0	0	0	
3615.98	1.86084e+08	-6470	0	0	0	0	0	0	
3618.18	1.83217e+08	-4198	0	0	0	0	0	0	
3620.39	1.80226e+08	1995	0	0	0	0	0	0	
3622.59	1.77318e+08	7384	0	0	0	0	0	0	
3624.8	1.74289e+08	3150	0	0	0	0	0	0	
3627	1.71286e+08	8292	0	0	0	0	0	0	
3629.2	1.68271e+08	-6926	0	0	0	0	0	0	
3631.4	1.65258e+08	5336	0	0	0	0	0	0	
3633.59	1.62241e+08	-2672	0	0	0	0	0	0	
3635.79	1.59155e+08	10366	0	0	0	0	0	0	
3637.98	1.55958e+08	551	0	0	0	0	0	0	
3640.18	1.52758e+08	1296	0	0	0	0	0	0	
3642.37	1.49463e+08	-7676	0	0	0	0	0	0	
3644.56	1.46207e+08	5562	0	0	0	0	0	0	
3646.75	1.42768e+08	2034	0	0	0	0	0	0	
3648.94	1.39395e+08	9610	0	0	0	0	0	0	
3651.12	1.35829e+08	7476	0	0	0	0	0	0	
3653.31	1.32313e+08	7228	0	0	0	0	0	0	
3655.49	1.28692e+08	3057	0	0	0	0	0	0	
3657.67	1.25028e+08	-6251	0	0	0	0	0	0	
3659.86	1.21271e+08	-3445	0	0	0	0	0	0	
3662.04	1.17462e+08	1529	0	0	0	0	0	0	
3664.21	1.13602e+08	896	0	0	0	0	0	0	
3666.39	1.09796e+08	-1056	0	0	0	0	0	0	
3668.57	1.05982e+08	3567	0	0	0	0	0	0	
3670.74	1.02171e+08	2692	0	0	0	0	0	0	
3672.91	9.83941e+07	2352	0	0	0	0	0	0	
3675.09	9.46805e+07	-1147	0	0	0	0	0	0	
3677.26	9.09762e+07	-1842	0	0	0	0	0	0	
3679.43	8.73853e+07	1423	0	0	0	0	0	0	
3681.59	8.39337e+07	1807	0	0	0	0	0	0	
3683.76	8.05801e+07	-1067	0	0	0	0	0	0	
3685.92	7.73268e+07	-721	0	0	0	0	0	0	
3688.09	7.42095e+07	794	0	0	0	0	0	0	
3690.25	7.12393e+07	1106	0	0	0	0	0	0	
3692.41	6.8396e+07	-474	0	0	0	0	0	0	
3694.57	6.56963e+07	-3892	0	0	0	0	0	0	
3696.73	6.3102e+07	3764	0	0	0	0	0	0	
3698.89	6.06677e+07	4704	0	0	0	0	0	0	
3701.04	5.83998e+07	-8209	0	0	0	0	0	0	
3703.2	5.62595e+07	339	0	0	0	0	0	0	
3705.35	5.42181e+07	-1009	0	0	0	0	0	0	
3707.5	5.23159e+07	194	0	0	0	0	0	0	
3709.65	5.0512e+07	-3927	0	0	0	0	0	0	
3711.8	4.88367e+07	-4631	0	0	0	0	0	0	
3713.95	4.72564e+07	-4647	0	0	0	0	0	0	
3716.09	4.57777e+07	-1446	0	0	0	0	0	0	
3718.24	4.43829e+07	-4365	0	0	0	0	0	0	
3720.38	4.30834e+07	-3182	0	0	0	0	0	0	
3722.53	4.18494e+07	-113	0	0	0	0	0	0	
3724.67	4.07073e+07	2555	0	0	0	0	0	0	
3726.81	3.96324e+07	-143	0	0	0	0	0	0	
3728.95	3.86226e+07	968	0	0	0	0	0	0	
3731.08	3.76568e+07	-573	0	0	0	0	0	0	
3733.22	3.67694e+07	-1316	0	0	0	0	0	0	
3735.35	3.59165e+07	-1770	0	0	0	0	0	0	
3737.49	3.51331e+07	-5536	0	0	0	0	0	0	
3739.62	3.43792e+07	4014	0	0	0	0	0	0	
3741.75	3.36764e+07	-6124	0	0	0	0	0	0	
3743.88	3.3021e+07	-1632	0	0	0	0	0	0	
3746.01	3.24076e+07	-2391	0	0	0	0	0	0	
3748.13	3.18078e+07	-491	0	0	0	0	0	0	
3750.26	3.12636e+07	-1378	0	0	0	0	0	0	
3752.38	3.07448e+07	3260	0	0	0	0	0	0	
3754.5	3.02596e+07	5242	0	0	0	0	0	0	
3756.62	2.97835e+07	771	0	0	0	0	0	0	
3758.74	2.93594e+07	-779	0	0	0	0	0	0	
3760.86	2.8948e+07	-1925	0	0	0	0	0	0	
3762.98	2.85626e+07	2846	0	0	0	0	0	0	
3765.1	2.81948e+07	-3099	0	0	0	0	0	0	
3767.21	2.78469e+07	-3114	0	0	0	0	0	0	
3769.33	2.75289e+07	-1184	0	0	0	0	0	0	
3771.44	2.72147e+07	745	0	0	0	0	0	0	
3773.55	2.69232e+07	1141	0	0	0	0	0	0	
3775.66	2.66596e+07	-2903	0	0	0	0	0	0	
3777.77	2.63932e+07	-936	0	0	0	0	0	0	
3779.87	2.61477e+07	-2926	0	0	0	0	0	0	
3781.98	2.59106e+07	-1032	0	0	0	0	0	0	
3784.08	2.5691e+07	-23	0	0	0	0	0	0	
3786.19	2.54813e+07	-1071	0	0	0	0	0	0	
3788.29	2.52835e+07	1569	0	0	0	0	0	0	
3790.39	2.50906e+07	221	0	0	0	0	0	0	
3792.49	2.49114e+07	-582	0	0	0	0	0	0	
3794.58	2.47407e+07	769	0	0	0	0	0	0	
3796.68	2.45828e+07	-4402	0	0	0	0	0	0	
3798.78	2.44267e+07	-2148	0	0	0	0	0	0	
3800.87	2.42884e+07	-2217	0	0	0	0	0	0	
3802.96	2.41443e+07	-1255	0	0	0	0	0	0	
3805.05	2.40136e+07	-936	0	0	0	0	0	0	
3807.14	2.38883e+07	-3350	0	0	0	0	0	0	
3809.23	2.3775e+07	-1949	0	0	0	0	0	0	
3811.32	2.36626e+07	-1267	0	0	0	0	0	0	
3813.41	2.35672e+07	-156	0	0	0	0	0	0	
3815.49	2.34621e+07	-1479	0	0	0	0	0	0	
3817.58	2.33713e+07	2030	0	0	0	0	0	0	
3819.66	2.32776e+07	613	0	0	0	0	0	0	
3821.74	2.31956e+07	2016	0	0	0	0	0	0	
3823.82	2.31082e+07	3596	0	0	0	0	0	0	
3825.9	2.30429e+07	-4731	0	0	0	0	0	0	
3827.97	2.29637e+07	-1056	0	0	0	0	0	0	
3830.05	2.28953e+07	1728	0	0	0	0	0	0	
3832.13	2.28245e+07	-315	0	0	0	0	0	0	
3834.2	2.27672e+07	-999	0	0	0	0	0	0	
3836.27	2.27094e+07	-1585	0	0	0	0	0	0	
3838.34	2.26523e+07	-3101	0	0	0	0	0	0	
3840.41	2.26004e+07	-2007	0	0	0	0	0	0	
3842.48	2.25515e+07	-1423	0	0	0	0	0	0	
3844.55	2.25072e+07	372	0	0	0	0	0	0	
3846.61	2.24639e+07	554	0	0	0	0	0	0	
3848.68	2.24202e+07	512	0	0	0	0	0	0	
3850.74	2.23797e+07	-416	0	0	0	0	0	0	
3852.8	2.23495e+07	-1768	0	0	0	0	0	0	
3854.86	2.23126e+07	-1006	0	0	0	0	0	0	
3856.92	2.2284e+07	-4754	0	0	0	0	0	0	
3858.98	2.22572e+07	-871	0	0	0	0	0	0	
3861.04	2.22373e+07	-2748	0	0	0	0	0	0	
3863.09	2.22155e+07	-2117	0	0	0	0	0	0	
3865.15	2.22005e+07	-2594	0	0	0	0	0	0	
3867.2	2.21825e+07	1155	0	0	0	0	0	0	
3869.25	2.21688e+07	558	0	0	0	0	0	0	
3871.3	2.2156e+07	-4289	0	0	0	0	0	0	
3873.35	2.21464e+07	-3374	0	0	0	0	0	0	
3875.4	2.21365e+07	-1754	0	0	0	0	0	0	
3877.44	2.21228e+07	112	0	0	0	0	0	0	
3879.49	2.21114e+07	-692	0	0	0	0	0	0	
3881.53	2.21131e+07	840	0	0	0	0	0	0	
3883.58	2.21124e+07	-1335	0	0	0	0	0	0	
3885.62	2.21138e+07	-1188	0	0	0	0	0	0	
3887.66	2.21119e+07	-2687	0	0	0	0	0	0	
3889.7	2.21099e+07	1730	0	0	0	0	0	0	
3891.73	2.21144e+07	-2761	0	0	0	0	0	0	
3893.77	2.21161e+07	-519	0	0	0	0	0	0	
3895.81	2.21235e+07	-52	0	0	0	0	0	0	
3897.84	2.21481e+07	-5162	0	0	0	0	0	0	
3899.87	2.21536e+07	-950	0	0	0	0	0	0	
3901.9	2.21636e+07	-1127	0	0	0	0	0	0	
3903.93	2.21694e+07	580	0	0	0	0	0	0	
3905.96	2.21876e+07	-1615	0	0	0	0	0	0	
3907.99	2.21968e+07	-1355	0	0	0	0	0	0	
3910.02	2.22141e+07	-2520	0	0	0	0	0	0	
3912.04	2.22217e+07	-824	0	0	0	0	0	0	
3914.07	2.22392e+07	-3824	0	0	0	0	0	0	
3916.09	2.22629e+07	1431	0	0	0	0	0	0	
3918.11	2.22676e+07	-1722	0	0	0	0	0	0	
3920.13	2.22794e+07	1266	0	0	0	0	0	0	
3922.15	2.23003e+07	-2515	0	0	0	0	0	0	
3924.17	2.2311e+07	-1834	0	0	0	0	0	0	
3926.18	2.23188e+07	-804	0	0	0	0	0	0	
3928.2	2.23387e+07	1994	0	0	0	0	0	0	
3930.21	2.23548e+07	-1931	0	0	0	0	0	0	
3932.23	2.23663e+07	-2818	0	0	0	0	0	0	
3934.24	2.23837e+07	-1209	0	0	0	0	0	0	
3936.25	2.23907e+07	-483	0	0	0	0	0	0	
3938.26	2.24024e+07	-1694	0	0	0	0	0	0	
3940.26	2.24178e+07	-1116	0	0	0	0	0	0	
3942.27	2.2427e+07	-621	0	0	0	0	0	0	
3944.28	2.24468e+07	-2653	0	0	0	0	0	0	
3946.28	2.24559e+07	-3625	0	0	0	0	0	0	
3948.28	2.24666e+07	-1895	0	0	0	0	0	0	
3950.28	2.24726e+07	590	0	0	0	0	0	0	
3952.28	2.24797e+07	-1306	0	0	0	0	0	0	
3954.28	2.24872e+07	-188	0	0	0	0	0	0	
3956.28	2.24865e+07	-823	0	0	0	0	0	0	
3958.28	2.24886e+07	-1337	0	0	0	0	0	0	
3960.27	2.24941e+07	-2535	0	0	0	0	0	0	
3962.27	2.24883e+07	1668	0	0	0	0	0	0	
3964.26	2.24938e+07	-1914	0	0	0	0	0	0	
3966.25	2.24991e+07	-890	0	0	0	0	0	0	
3968.24	2.24905e+07	-402	0	0	0	0	0	0	
3970.23	2.24751e+07	-1997	0	0	0	0	0	0	
3972.22	2.24704e+07	-1736	0	0	0	0	0	0	
3974.21	2.24661e+07	-3561	0	0	0	0	0	0	
3976.19	2.24611e+07	569	0	0	0	0	0	0	
3978.17	2.24573e+07	-1406	0	0	0	0	0	0	
3980.16	2.24421e+07	-3703	0	0	0	0	0	0	
3982.14	2.24325e+07	-2655	0	0	0	0	0	0	
3984.12	2.24247e+07	-2067	0	0	0	0	0	0	
3986.1	2.24146e+07	-1483	0	0	0	0	0	0	
3988.08	2.24005e+07	-3487	0	0	0	0	0	0	
3990.05	2.23858e+07	981	0	0	0	0	0	0	
3992.03	2.23699e+07	-1324	0	0	0	0	0	0	
3994	2.23523e+07	-1406	0	0	0	0	0	0	
3995.98	2.23344e+07	2049	0	0	0	0	0	0	
3997.95	2.23113e+07	-3201	0	0	0	0	0	0	
3999.92	2.22899e+07	-236	0	0	0	0	0	0	
4001.89	2.22643e+07	-1464	0	0	0	0	0	0	
4003.86	2.22392e+07	-2464	0	0	0	0	0	0	
4005.82	2.22206e+07	-1445	0	0	0	0	0	0	
4007.79	2.22044e+07	-2758	0	0	0	0	0	0	
4009.76	2.21758e+07	-88	0	0	0	0	0	0	
4011.72	2.21475e+07	-4647	0	0	0	0	0	0	
4013.68	2.21126e+07	2821	0	0	0	0	0	0	
4015.64	2.20963e+07	-2385	0	0	0	0	0	0	
4017.6	2.206e+07	-190	0	0	0	0	0	0	
4019.56	2.20292e+07	-2935	0	0	0	0	0	0	
4021.52	2.20079e+07	-2770	0	0	0	0	0	0	
4023.47	2.19792e+07	-1065	0	0	0	0	0	0	
4025.43	2.1951e+07	997	0	0	0	0	0	0	
4027.38	2.19206e+07	1385	0	0	0	0	0	0	
4029.33	2.18919e+07	-2012	0	0	0	0	0	0	
4031.29	2.18656e+07	-35	0	0	0	0	0	0	
4033.24	2.18285e+07	-1645	0	0	0	0	0	0	
4035.18	2.18027e+07	-824	0	0	0	0	0	0	
4037.13	2.1779e+07	-4604	0	0	0	0	0	0	
4039.08	2.17458e+07	-2673	0	0	0	0	0	0	
4041.02	2.16989e+07	-3642	0	0	0	0	0	0	
4042.97	2.16626e+07	-1457	0	0	0	0	0	0	
4044.91	2.16174e+07	-2784	0	0	0	0	0	0	
4046.85	2.15644e+07	-1224	0	0	0	0	0	0	
4048.79	2.15193e+07	-3443	0	0	0	0	0	0	
4050.73	2.14734e+07	-1763	0	0	0	0	0	0	
4052.67	2.14137e+07	1078	0	0	0	0	0	0	
4054.61	2.13817e+07	-832	0	0	0	0	0	0	
4056.54	2.13246e+07	-4722	0	0	0	0	0	0	
4058.47	2.12845e+07	-1788	0	0	0	0	0	0	
4060.41	2.12314e+07	-2563	0	0	0	0	0	0	
4062.34	2.11835e+07	-3023	0	0	0	0	0	0	
4064.27	2.11296e+07	-877	0	0	0	0	0	0	
4066.2	2.10814e+07	690	0	0	0	0	0	0	
4068.13	2.10367e+07	-547	0	0	0	0	0	0	
4070.06	2.09853e+07	-501	0	0	0	0	0	0	
4071.98	2.09412e+07	-2488	0	0	0	0	0	0	
4073.91	2.08898e+07	-258	0	0	0	0	0	0	
4075.83	2.08374e+07	-104	0	0	0	0	0	0	
4077.75	2.07758e+07	1114	0	0	0	0	0	0	
4079.67	2.07249e+07	-880	0	0	0	0	0	0	
4081.59	2.06714e+07	-1711	0	0	0	0	0	0	
4083.51	2.06209e+07	-1543	0	0	0	0	0	0	
4085.43	2.05656e+07	-2235	0	0	0	0	0	0	
4087.35	2.05108e+07	-1056	0	0	0	0	0	0	
4089.26	2.04567e+07	-3132	0	0	0	0	0	0	
4091.17	2.04044e+07	-1915	0	0	0	0	0	0	
4093.09	2.03477e+07	-18	0	0	0	0	0	0	
4095	2.02956e+07	-2009	0	0	0	0	0	0	
4096.91	2.02367e+07	-3084	0	0	0	0	0	0	
4098.82	2.01884e+07	-241	0	0	0	0	0	0	
4100.73	2.01375e+07	-2348	0	0	0	0	0	0	
4102.63	2.00842e+07	-2861	0	0	0	0	0	0	
4104.54	2.00277e+07	-2569	0	0	0	0	0	0	
4106.44	1.99818e+07	-1679	0	0	0	0	0	0	
4108.35	1.99255e+07	-1592	0	0	0	0	0	0	
4110.25	1.98812e+07	2656	0	0	0	0	0	0	
4112.15	1.98282e+07	-536	0	0	0	0	0	0	
4114.05	1.97811e+07	1616	0	0	0	0	0	0	
4115.95	1.97301e+07	-2962	0	0	0	0	0	0	
4117.84	1.96825e+07	-3169	0	0	0	0	0	0	
4119.74	1.96322e+07	-2415	0	0	0	0	0	0	
4121.63	1.95815e+07	-1130	0	0	0	0	0	0	
4123.53	1.95299e+07	-2015	0	0	0	0	0	0	
4125.42	1.94827e+07	-4229	0	0	0	0	0	0	
4127.31	1.94352e+07	-636	0	0	0	0	0	0	
4129.2	1.93932e+07	-107	0	0	0	0	0	0	
4131.09	1.93444e+07	-2942	0	0	0	0	0	0	
4132.98	1.92979e+07	-1228	0	0	0	0	0	0	
4134.87	1.92556e+07	-1819	0	0	0	0	0	0	
4136.75	1.92107e+07	34	0	0	0	0	0	0	
4138.63	1.9166e+07	-843	0	0	0	0	0	0	
4140.52	1.91217e+07	-1340	0	0	0	0	0	0	
4142.4	1.9076e+07	222	0	0	0	0	0	0	
4144.28	1.90294e+07	-3415	0	0	0	0	0	0	
4146.16	1.8987e+07	-1480	0	0	0	0	0	0	
4148.04	1.89497e+07	-263	0	0	0	0	0	0	
4149.91	1.89118e+07	-2155	0	0	0	0	0	0	
4151.79	1.88712e+07	-2085	0	0	0	0	0	0	
4153.67	1.88215e+07	-105	0	0	0	0	0	0	
4155.54	1.87803e+07	-61	0	0	0	0	0	0	
4157.41	1.87394e+07	-880	0	0	0	0	0	0	
4159.28	1.86957e+07	-2678	0	0	0	0	0	0	
4161.15	1.86556e+07	-2198	0	0	0	0	0	0	
4163.02	1.86451e+07	-160	0	0	0	0	0	0	
4164.89	1.8578e+07	-1085	0	0	0	0	0	0	
4166.76	1.85396e+07	-4137	0	0	0	0	0	0	
4168.62	1.84984e+07	-895	0	0	0	0	0	0	
4170.49	1.84546e+07	-1729	0	0	0	0	0	0	
4172.35	1.84143e+07	-1803	0	0	0	0	0	0	
4174.21	1.83705e+07	-671	0	0	0	0	0	0	
4176.07	1.83337e+07	-2730	0	0	0	0	0	0	
4177.93	1.82952e+07	-2801	0	0	0	0	0	0	
4179.79	1.82625e+07	-2548	0	0	0	0	0	0	
4181.65	1.82189e+07	-1338	0	0	0	0	0	0	
4183.5	1.81816e+07	1627	0	0	0	0	0	0	
4185.36	1.81462e+07	45	0	0	0	0	0	0	
4187.21	1.81034e+07	-1792	0	0	0	0	0	0	
4189.06	1.80667e+07	-2066	0	0	0	0	0	0	
4190.91	1.80308e+07	-1805	0	0	0	0	0	0	
4192.76	1.79971e+07	516	0	0	0	0	0	0	
4194.61	1.79548e+07	8	0	0	0	0	0	0	
4196.46	1.79183e+07	-2324	0	0	0	0	0	0	
4198.31	1.78805e+07	-720	0	0	0	0	0	0	
4200.15	1.78386e+07	-385	0	0	0	0	0	0	
4202	1.78061e+07	-1864	0	0	0	0	0	0	
4203.84	1.77641e+07	-1855	0	0	0	0	0	0	
4205.68	1.77251e+07	-2860	0	0	0	0	0	0	
4207.52	1.76904e+07	-1350	0	0	0	0	0	0	
4209.36	1.76502e+07	-3501	0	0	0	0	0	0	
4211.2	1.76142e+07	-2011	0	0	0	0	0	0	
4213.04	1.75758e+07	-2029	0	0	0	0	0	0	
4214.88	1.75315e+07	-1482	0	0	0	0	0	0	
4216.71	1.74955e+07	-2352	0	0	0	0	0	0	
4218.54	1.74513e+07	-266	0	0	0	0	0	0	
4220.38	1.74159e+07	-3551	0	0	0	0	0	0	
4222.21	1.73772e+07	-2489	0	0	0	0	0	0	
4224.04	1.73389e+07	-1102	0	0	0	0	0	0	
4225.87	1.72931e+07	955	0	0	0	0	0	0	
4227.7	1.72581e+07	1696	0	0	0	0	0	0	
4229.52	1.7216e+07	-3604	0	0	0	0	0	0	
4231.35	1.71802e+07	-515	0	0	0	0	0	0	
4233.17	1.71321e+07	-3631	0	0	0	0	0	0	
4235	1.70911e+07	-1693	0	0	0	0	0	0	
4236.82	1.70535e+07	369	0	0	0	0	0	0	
4238.64	1.70172e+07	-169	0	0	0	0	0	0	
4240.46	1.69763e+07	-1659	0	0	0	0	0	0	
4242.28	1.69402e+07	-1312	0	0	0	0	0	0	
4244.1	1.69007e+07	-2801	0	0	0	0	0	0	
4245.91	1.68618e+07	-2289	0	0	0	0	0	0	
4247.73	1.68171e+07	-2483	0	0	0	0	0	0	
4249.54	1.67748e+07	-896	0	0	0	0	0	0	
4251.36	1.67375e+07	-871	0	0	0	0	0	0	
4253.17	1.67001e+07	-2153	0	0	0	0	0	0	
4254.98	1.66641e+07	-640	0	0	0	0	0	0	
4256.79	1.6628e+07	-1543	0	0	0	0	0	0	
4258.6	1.65851e+07	-1335	0	0	0	0	0	0	
4260.41	1.65456e+07	-1252	0	0	0	0	0	0	
4262.21	1.65027e+07	-3926	0	0	0	0	0	0	
4264.02	1.64653e+07	-852	0	0	0	0	0	0	
4265.82	1.64281e+07	-1134	0	0	0	0	0	0	
4267.62	1.63906e+07	180	0	0	0	0	0	0	
4269.42	1.63582e+07	-857	0	0	0	0	0	0	
4271.23	1.63163e+07	-1406	0	0	0	0	0	0	
4273.02	1.62799e+07	-124	0	0	0	0	0	0	
4274.82	1.62485e+07	-1734	0	0	0	0	0	0	
4276.62	1.62089e+07	-2142	0	0	0	0	0	0	
4278.42	1.61738e+07	-2195	0	0	0	0	0	0	
4280.21	1.6141e+07	-1642	0	0	0	0	0	0	
4282	1.6106e+07	2338	0	0	0	0	0	0	
4283.8	1.60731e+07	-1087	0	0	0	0	0	0	
4285.59	1.60441e+07	-3319	0	0	0	0	0	0	
4287.38	1.60048e+07	-2706	0	0	0	0	0	0	
4289.17	1.59685e+07	-2174	0	0	0	0	0	0	
4290.95	1.59331e+07	-1266	0	0	0	0	0	0	
4292.74	1.5902e+07	-1504	0	0	0	0	0	0	
4294.53	1.5867e+07	-616	0	0	0	0	0	0	
4296.31	1.58316e+07	-2287	0	0	0	0	0	0	
4298.09	1.57976e+07	-1256	0	0	0	0	0	0	
4299.88	1.57632e+07	91	0	0	0	0	0	0	
4301.66	1.57302e+07	-801	0	0	0	0	0	0	
4303.44	1.56963e+07	-717	0	0	0	0	0	0	
4305.22	1.5661e+07	-1952	0	0	0	0	0	0	
4306.99	1.56246e+07	-665	0	0	0	0	0	0	
4308.77	1.55938e+07	762	0	0	0	0	0	0	
4310.54	1.55594e+07	-1195	0	0	0	0	0	0	
4312.32	1.55313e+07	-3968	0	0	0	0	0	0	
4314.09	1.5503e+07	-1035	0	0	0	0	0	0	
4315.86	1.54716e+07	-1462	0	0	0	0	0	0	
4317.63	1.54385e+07	-969	0	0	0	0	0	0	
4319.4	1.54059e+07	-26	0	0	0	0	0	0	
4321.17	1.53752e+07	-1405	0	0	0	0	0	0	
4322.94	1.53416e+07	-1383	0	0	0	0	0	0	
4324.71	1.53162e+07	-322	0	0	0	0	0	0	
4326.47	1.52932e+07	-467	0	0	0	0	0	0	
4328.24	1.52601e+07	-2315	0	0	0	0	0	0	
4330	1.52268e+07	-1811	0	0	0	0	0	0	
4331.76	1.51952e+07	374	0	0	0	0	0	0	
4333.52	1.51673e+07	-382	0	0	0	0	0	0	
4335.28	1.51326e+07	630	0	0	0	0	0	0	
4337.04	1.5099e+07	-680	0	0	0	0	0	0	
4338.79	1.50733e+07	-357	0	0	0	0	0	0	
4340.55	1.50399e+07	-1017	0	0	0	0	0	0	
4342.31	1.50145e+07	-1794	0	0	0	0	0	0	
4344.06	1.49831e+07	-1604	0	0	0	0	0	0	
4345.81	1.49503e+07	-1471	0	0	0	0	0	0	
4347.56	1.49185e+07	-2171	0	0	0	0	0	0	
4349.31	1.48867e+07	-1677	0	0	0	0	0	0	
4351.06	1.48586e+07	-683	0	0	0	0	0	0	
4352.81	1.48303e+07	-473	0	0	0	0	0	0	
4354.56	1.48018e+07	257	0	0	0	0	0	0	
4356.3	1.47773e+07	-1760	0	0	0	0	0	0	
4358.05	1.47471e+07	-2012	0	0	0	0	0	0	
4359.79	1.4716e+07	313	0	0	0	0	0	0	
4361.53	1.46909e+07	-977	0	0	0	0	0	0	
4363.27	1.46635e+07	-827	0	0	0	0	0	0	
4365.02	1.46331e+07	-1021	0	0	0	0	0	0	
4366.75	1.46073e+07	-16	0	0	0	0	0	0	
4368.49	1.4581e+07	-208	0	0	0	0	0	0	
4370.23	1.45532e+07	-1040	0	0	0	0	0	0	
4371.96	1.45261e+07	-209	0	0	0	0	0	0	
4373.7	1.45019e+07	-2048	0	0	0	0	0	0	
4375.43	1.44731e+07	-876	0	0	0	0	0	0	
4377.16	1.4441e+07	-1468	0	0	0	0	0	0	
4378.9	1.44184e+07	-3382	0	0	0	0	0	0	
4380.63	1.43921e+07	-1043	0	0	0	0	0	0	
4382.35	1.43725e+07	-1517	0	0	0	0	0	0	
4384.08	1.43449e+07	-156	0	0	0	0	0	0	
4385.81	1.43186e+07	-1636	0	0	0	0	0	0	
4387.53	1.4288e+07	-1873	0	0	0	0	0	0	
4389.26	1.42677e+07	-2077	0	0	0	0	0	0	
4390.98	1.42419e+07	-402	0	0	0	0	0	0	
4392.7	1.42207e+07	-931	0	0	0	0	0	0	
4394.42	1.41932e+07	-3403	0	0	0	0	0	0	
4396.14	1.41705e+07	-857	0	0	0	0	0	0	
4397.86	1.41424e+07	1459	0	0	0	0	0	0	
4399.58	1.41214e+07	-1366	0	0	0	0	0	0	
4401.3	1.41011e+07	2054	0	0	0	0	0	0	
4403.01	1.40728e+07	-1102	0	0	0	0	0	0	
4404.73	1.40474e+07	-3294	0	0	0	0	0	0	
4406.44	1.40278e+07	-1736	0	0	0	0	0	0	
4408.15	1.4003e+07	560	0	0	0	0	0	0	
4409.86	1.39839e+07	-4107	0	0	0	0	0	0	
4411.57	1.39611e+07	-3188	0	0	0	0	0	0	
4413.28	1.39383e+07	-2899	0	0	0	0	0	0	
4414.99	1.39159e+07	-2718	0	0	0	0	0	0	
4416.69	1.38942e+07	1044	0	0	0	0	0	0	
4418.4	1.38694e+07	-1014	0	0	0	0	0	0	
4420.1	1.38518e+07	-3660	0	0	0	0	0	0	
4421.81	1.38272e+07	-830	0	0	0	0	0	0	
4423.51	1.381e+07	-2709	0	0	0	0	0	0	
4425.21	1.37842e+07	-172	0	0	0	0	0	0	
4426.91	1.37612e+07	-1413	0	0	0	0	0	0	
4428.61	1.37449e+07	-1850	0	0	0	0	0	0	
4430.3	1.37284e+07	-1476	0	0	0	0	0	0	
4432	1.37112e+07	807	0	0	0	0	0	0	
4433.7	1.36917e+07	-774	0	0	0	0	0	0	
4435.39	1.36712e+07	169	0	0	0	0	0	0	
4437.08	1.36533e+07	-902	0	0	0	0	0	0	
4438.77	1.36347e+07	-60	0	0	0	0	0	0	
4440.47	1.36155e+07	-456	0	0	0	0	0	0	
4442.15	1.35966e+07	-470	0	0	0	0	0	0	
4443.84	1.3573e+07	-1627	0	0	0	0	0	0	
4445.53	1.35555e+07	-379	0	0	0	0	0	0	
4447.22	1.35449e+07	-2447	0	0	0	0	0	0	
4448.9	1.35253e+07	-2515	0	0	0	0	0	0	
4450.59	1.35063e+07	-1900	0	0	0	0	0	0	
4452.27	1.34945e+07	-2452	0	0	0	0	0	0	
4453.95	1.34741e+07	-1520	0	0	0	0	0	0	
4455.63	1.34585e+07	-1334	0	0	0	0	0	0	
4457.31	1.34418e+07	-2171	0	0	0	0	0	0	
4458.99	1.34244e+07	-1071	0	0	0	0	0	0	
4460.67	1.34105e+07	-1982	0	0	0	0	0	0	
4462.34	1.33997e+07	-1563	0	0	0	0	0	0	
4464.02	1.33822e+07	-2191	0	0	0	0	0	0	
4465.69	1.33666e+07	-1986	0	0	0	0	0	0	
4467.36	1.33501e+07	-931	0	0	0	0	0	0	
4469.04	1.33316e+07	-1796	0	0	0	0	0	0	
4470.71	1.33188e+07	-303	0	0	0	0	0	0	
4472.38	1.33033e+07	-1554	0	0	0	0	0	0	
4474.04	1.32867e+07	-71	0	0	0	0	0	0	
4475.71	1.32754e+07	-2088	0	0	0	0	0	0	
4477.38	1.32615e+07	-3060	0	0	0	0	0	0	
4479.04	1.32493e+07	-4726	0	0	0	0	0	0	
4480.71	1.32319e+07	-844	0	0	0	0	0	0	
4482.37	1.32143e+07	849	0	0	0	0	0	0	
4484.03	1.32e+07	-1055	0	0	0	0	0	0	
4485.69	1.31837e+07	-1693	0	0	0	0	0	0	
4487.35	1.31696e+07	-1029	0	0	0	0	0	0	
4489.01	1.31558e+07	-3474	0	0	0	0	0	0	
4490.67	1.3142e+07	-2802	0	0	0	0	0	0	
4492.32	1.31248e+07	-3528	0	0	0	0	0	0	
4493.98	1.31127e+07	-93	0	0	0	0	0	0	
4495.63	1.3097e+07	-1769	0	0	0	0	0	0	
4497.28	1.30786e+07	-687	0	0	0	0	0	0	
4498.93	1.30654e+07	-1426	0	0	0	0	0	0	
4500.58	1.30519e+07	-598	0	0	0	0	0	0	
4502.23	1.30365e+07	-3010	0	0	0	0	0	0	
4503.88	1.30201e+07	-160	0	0	0	0	0	0	
4505.53	1.30078e+07	-3654	0	0	0	0	0	0	
4507.17	1.29953e+07	-1565	0	0	0	0	0	0	
4508.82	1.29777e+07	-290	0	0	0	0	0	0	
4510.46	1.29611e+07	-557	0	0	0	0	0	0	
4512.11	1.29518e+07	-2091	0	0	0	0	0	0	
4513.75	1.29337e+07	-1431	0	0	0	0	0	0	
4515.39	1.29217e+07	433	0	0	0	0	0	0	
4517.03	1.29106e+07	-207	0	0	0	0	0	0	
4518.67	1.28955e+07	101	0	0	0	0	0	0	
4520.3	1.28762e+07	-287	0	0	0	0	0	0	
4521.94	1.2863e+07	-1434	0	0	0	0	0	0	
4523.57	1.28507e+07	-3873	0	0	0	0	0	0	
4525.21	1.28315e+07	-1390	0	0	0	0	0	0	
4526.84	1.2822e+07	210	0	0	0	0	0	0	
4528.47	1.2804e+07	-1251	0	0	0	0	0	0	
4530.1	1.27904e+07	-2733	0	0	0	0	0	0	
4531.73	1.2781e+07	-352	0	0	0	0	0	0	
4533.36	1.27655e+07	-704	0	0	0	0	0	0	
4534.99	1.27514e+07	-1601	0	0	0	0	0	0	
4536.61	1.27392e+07	-2572	0	0	0	0	0	0	
4538.24	1.27255e+07	-292	0	0	0	0	0	0	
4539.86	1.27082e+07	-1488	0	0	0	0	0	0	
4541.48	1.26996e+07	145	0	0	0	0	0	0	
4543.11	1.26894e+07	-1389	0	0	0	0	0	0	
4544.73	1.26745e+07	-1976	0	0	0	0	0	0	
4546.36	1.26608e+07	1261	0	0	0	0	0	0	
4547.98	1.26489e+07	-2805	0	0	0	0	0	0	
4549.6	1.26397e+07	252	0	0	0	0	0	0	
4551.23	1.26266e+07	44	0	0	0	0	0	0	
4552.85	1.26172e+07	-1333	0	0	0	0	0	0	
4554.47	1.26058e+07	-3245	0	0	0	0	0	0	
4556.1	1.25941e+07	-924	0	0	0	0	0	0	
4557.72	1.25834e+07	-594	0	0	0	0	0	0	
4559.35	1.25716e+07	849	0	0	0	0	0	0	
