#1/cm	sum, dif: SCP	 DCPI	 DCPII	 SCPc	 # Gain 9.4 e/ADc # Power at sample 313 mW # Cycles 20 # Total times [s] 470.689 470.689 470.689 470.689
2609.36	1.52961e+07	-643	0	0	0	0	0	0	
2607.54	1.53369e+07	1106	0	0	0	0	0	0	
2605.71	1.53657e+07	-762	0	0	0	0	0	0	
2603.88	1.53914e+07	792	0	0	0	0	0	0	
2602.06	1.5408e+07	2194	0	0	0	0	0	0	
2600.23	1.54337e+07	1204	0	0	0	0	0	0	
2598.4	1.54547e+07	-184	0	0	0	0	0	0	
2596.56	1.54709e+07	895	0	0	0	0	0	0	
2594.73	1.54754e+07	320	0	0	0	0	0	0	
2592.9	1.54981e+07	-518	0	0	0	0	0	0	
2591.06	1.55084e+07	-1165	0	0	0	0	0	0	
2589.22	1.55278e+07	1121	0	0	0	0	0	0	
2587.38	1.55424e+07	265	0	0	0	0	0	0	
2585.54	1.55568e+07	-456	0	0	0	0	0	0	
2583.7	1.55671e+07	526	0	0	0	0	0	0	
2581.86	1.55824e+07	-458	0	0	0	0	0	0	
2580.02	1.55988e+07	-681	0	0	0	0	0	0	
2578.17	1.56113e+07	70	0	0	0	0	0	0	
2576.33	1.5629e+07	-74	0	0	0	0	0	0	
2574.48	1.56457e+07	362	0	0	0	0	0	0	
2572.63	1.56583e+07	935	0	0	0	0	0	0	
2570.78	1.56741e+07	94	0	0	0	0	0	0	
2568.93	1.56905e+07	-530	0	0	0	0	0	0	
2567.07	1.57079e+07	1166	0	0	0	0	0	0	
2565.22	1.57199e+07	-604	0	0	0	0	0	0	
2563.36	1.57346e+07	-32	0	0	0	0	0	0	
2561.51	1.57509e+07	-384	0	0	0	0	0	0	
2559.65	1.57686e+07	1671	0	0	0	0	0	0	
2557.79	1.57785e+07	-1248	0	0	0	0	0	0	
2555.93	1.57976e+07	1287	0	0	0	0	0	0	
2554.07	1.58161e+07	-357	0	0	0	0	0	0	
2552.2	1.58371e+07	1713	0	0	0	0	0	0	
2550.34	1.58547e+07	960	0	0	0	0	0	0	
2548.47	1.58734e+07	266	0	0	0	0	0	0	
2546.61	1.58939e+07	-940	0	0	0	0	0	0	
2544.74	1.59145e+07	-48	0	0	0	0	0	0	
2542.87	1.59343e+07	2095	0	0	0	0	0	0	
2541	1.59629e+07	1127	0	0	0	0	0	0	
2539.13	1.59842e+07	-430	0	0	0	0	0	0	
2537.25	1.60072e+07	779	0	0	0	0	0	0	
2535.38	1.60286e+07	-1148	0	0	0	0	0	0	
2533.5	1.60544e+07	339	0	0	0	0	0	0	
2531.62	1.60803e+07	-771	0	0	0	0	0	0	
2529.74	1.61068e+07	1085	0	0	0	0	0	0	
2527.86	1.61291e+07	-785	0	0	0	0	0	0	
2525.98	1.61511e+07	-1859	0	0	0	0	0	0	
2524.1	1.61784e+07	322	0	0	0	0	0	0	
2522.22	1.62022e+07	1376	0	0	0	0	0	0	
2520.33	1.62279e+07	-871	0	0	0	0	0	0	
2518.44	1.62572e+07	560	0	0	0	0	0	0	
2516.56	1.628e+07	-631	0	0	0	0	0	0	
2514.67	1.63054e+07	1145	0	0	0	0	0	0	
2512.78	1.63312e+07	941	0	0	0	0	0	0	
2510.88	1.63575e+07	-149	0	0	0	0	0	0	
2508.99	1.63821e+07	-1068	0	0	0	0	0	0	
2507.1	1.64062e+07	-502	0	0	0	0	0	0	
2505.2	1.64309e+07	239	0	0	0	0	0	0	
2503.3	1.64561e+07	1007	0	0	0	0	0	0	
2501.41	1.64825e+07	855	0	0	0	0	0	0	
2499.51	1.65077e+07	-102	0	0	0	0	0	0	
2497.6	1.6528e+07	297	0	0	0	0	0	0	
2495.7	1.65519e+07	-935	0	0	0	0	0	0	
2493.8	1.65797e+07	839	0	0	0	0	0	0	
2491.89	1.66014e+07	879	0	0	0	0	0	0	
2489.99	1.66212e+07	-371	0	0	0	0	0	0	
2488.08	1.66472e+07	-1193	0	0	0	0	0	0	
2486.17	1.66721e+07	-841	0	0	0	0	0	0	
2484.26	1.66907e+07	1167	0	0	0	0	0	0	
2482.35	1.67139e+07	1914	0	0	0	0	0	0	
2480.44	1.67336e+07	-1350	0	0	0	0	0	0	
2478.52	1.67492e+07	-610	0	0	0	0	0	0	
2476.61	1.6771e+07	-2816	0	0	0	0	0	0	
2474.69	1.67916e+07	1582	0	0	0	0	0	0	
2472.77	1.68117e+07	683	0	0	0	0	0	0	
2470.85	1.68325e+07	-928	0	0	0	0	0	0	
2468.93	1.68516e+07	496	0	0	0	0	0	0	
2467.01	1.68658e+07	-337	0	0	0	0	0	0	
2465.09	1.68884e+07	-885	0	0	0	0	0	0	
2463.16	1.69101e+07	-1095	0	0	0	0	0	0	
2461.24	1.69313e+07	-358	0	0	0	0	0	0	
2459.31	1.69574e+07	846	0	0	0	0	0	0	
2457.38	1.69805e+07	489	0	0	0	0	0	0	
2455.45	1.7001e+07	92	0	0	0	0	0	0	
2453.52	1.70244e+07	10	0	0	0	0	0	0	
2451.59	1.70476e+07	795	0	0	0	0	0	0	
2449.65	1.70728e+07	-779	0	0	0	0	0	0	
2447.72	1.71012e+07	-1399	0	0	0	0	0	0	
2445.78	1.71291e+07	-1896	0	0	0	0	0	0	
2443.84	1.71602e+07	101	0	0	0	0	0	0	
2441.91	1.71893e+07	1	0	0	0	0	0	0	
2439.97	1.72178e+07	-140	0	0	0	0	0	0	
2438.02	1.72436e+07	1087	0	0	0	0	0	0	
2436.08	1.72717e+07	479	0	0	0	0	0	0	
2434.14	1.73034e+07	-1097	0	0	0	0	0	0	
2432.19	1.73282e+07	226	0	0	0	0	0	0	
2430.24	1.73599e+07	208	0	0	0	0	0	0	
2428.3	1.73979e+07	1339	0	0	0	0	0	0	
2426.35	1.7427e+07	-647	0	0	0	0	0	0	
2424.4	1.74594e+07	-412	0	0	0	0	0	0	
2422.44	1.74912e+07	853	0	0	0	0	0	0	
2420.49	1.75194e+07	-1695	0	0	0	0	0	0	
2418.53	1.75544e+07	-912	0	0	0	0	0	0	
2416.58	1.75848e+07	67	0	0	0	0	0	0	
2414.62	1.76164e+07	-1344	0	0	0	0	0	0	
2412.66	1.76492e+07	-320	0	0	0	0	0	0	
2410.7	1.76888e+07	3659	0	0	0	0	0	0	
2408.74	1.77155e+07	694	0	0	0	0	0	0	
2406.78	1.77422e+07	-1542	0	0	0	0	0	0	
2404.81	1.77791e+07	1309	0	0	0	0	0	0	
2402.85	1.78083e+07	-575	0	0	0	0	0	0	
2400.88	1.78399e+07	-1126	0	0	0	0	0	0	
2398.91	1.78768e+07	790	0	0	0	0	0	0	
2396.94	1.79141e+07	1142	0	0	0	0	0	0	
2394.97	1.79494e+07	-690	0	0	0	0	0	0	
2393	1.79801e+07	-1145	0	0	0	0	0	0	
2391.03	1.80142e+07	-90	0	0	0	0	0	0	
2389.05	1.80471e+07	937	0	0	0	0	0	0	
2387.08	1.8086e+07	1116	0	0	0	0	0	0	
2385.1	1.81206e+07	1375	0	0	0	0	0	0	
2383.12	1.8156e+07	1198	0	0	0	0	0	0	
2381.14	1.81932e+07	1544	0	0	0	0	0	0	
2379.16	1.82292e+07	1585	0	0	0	0	0	0	
2377.18	1.82658e+07	-336	0	0	0	0	0	0	
2375.19	1.83018e+07	1430	0	0	0	0	0	0	
2373.21	1.83386e+07	1191	0	0	0	0	0	0	
2371.22	1.83693e+07	-384	0	0	0	0	0	0	
2369.23	1.83995e+07	-631	0	0	0	0	0	0	
2367.24	1.84435e+07	-217	0	0	0	0	0	0	
2365.25	1.84818e+07	862	0	0	0	0	0	0	
2363.26	1.85147e+07	-1241	0	0	0	0	0	0	
2361.27	1.85536e+07	-169	0	0	0	0	0	0	
2359.27	1.85885e+07	64	0	0	0	0	0	0	
2357.28	1.86234e+07	86	0	0	0	0	0	0	
2355.28	1.86622e+07	688	0	0	0	0	0	0	
2353.28	1.86974e+07	-1433	0	0	0	0	0	0	
2351.28	1.87411e+07	-621	0	0	0	0	0	0	
2349.28	1.87803e+07	1985	0	0	0	0	0	0	
2347.28	1.8824e+07	-2202	0	0	0	0	0	0	
2345.27	1.88592e+07	453	0	0	0	0	0	0	
2343.27	1.88979e+07	-1738	0	0	0	0	0	0	
2341.26	1.8935e+07	868	0	0	0	0	0	0	
2339.25	1.89692e+07	-293	0	0	0	0	0	0	
2337.24	1.9011e+07	-123	0	0	0	0	0	0	
2335.23	1.90671e+07	383	0	0	0	0	0	0	
2333.22	1.91438e+07	1652	0	0	0	0	0	0	
2331.21	1.92217e+07	-1821	0	0	0	0	0	0	
2329.19	1.92814e+07	552	0	0	0	0	0	0	
2327.18	1.93066e+07	-206	0	0	0	0	0	0	
2325.16	1.93044e+07	-1371	0	0	0	0	0	0	
2323.14	1.93121e+07	1639	0	0	0	0	0	0	
2321.12	1.93312e+07	105	0	0	0	0	0	0	
2319.1	1.93654e+07	1489	0	0	0	0	0	0	
2317.08	1.9408e+07	-556	0	0	0	0	0	0	
2315.05	1.94475e+07	-1093	0	0	0	0	0	0	
2313.03	1.94844e+07	-640	0	0	0	0	0	0	
2311	1.95275e+07	834	0	0	0	0	0	0	
2308.97	1.95687e+07	-361	0	0	0	0	0	0	
2306.94	1.9611e+07	-629	0	0	0	0	0	0	
2304.91	1.96509e+07	1821	0	0	0	0	0	0	
2302.88	1.96982e+07	-278	0	0	0	0	0	0	
2300.85	1.9743e+07	-677	0	0	0	0	0	0	
2298.81	1.97909e+07	-73	0	0	0	0	0	0	
2296.77	1.98349e+07	-405	0	0	0	0	0	0	
2294.74	1.98842e+07	22	0	0	0	0	0	0	
2292.7	1.99236e+07	1094	0	0	0	0	0	0	
2290.66	1.99749e+07	-1162	0	0	0	0	0	0	
2288.62	2.00199e+07	-591	0	0	0	0	0	0	
2286.57	2.00716e+07	-827	0	0	0	0	0	0	
2284.53	2.0124e+07	-1379	0	0	0	0	0	0	
2282.48	2.01723e+07	-1894	0	0	0	0	0	0	
2280.44	2.02242e+07	687	0	0	0	0	0	0	
2278.39	2.02758e+07	1088	0	0	0	0	0	0	
2276.34	2.03241e+07	1000	0	0	0	0	0	0	
2274.29	2.03774e+07	586	0	0	0	0	0	0	
2272.23	2.0429e+07	642	0	0	0	0	0	0	
2270.18	2.04801e+07	-560	0	0	0	0	0	0	
2268.12	2.05398e+07	2192	0	0	0	0	0	0	
2266.07	2.05935e+07	1007	0	0	0	0	0	0	
2264.01	2.06465e+07	1199	0	0	0	0	0	0	
2261.95	2.07022e+07	1457	0	0	0	0	0	0	
2259.89	2.07498e+07	-1041	0	0	0	0	0	0	
2257.83	2.0808e+07	-30	0	0	0	0	0	0	
2255.77	2.08571e+07	-516	0	0	0	0	0	0	
2253.7	2.09115e+07	-1303	0	0	0	0	0	0	
2251.63	2.09716e+07	-422	0	0	0	0	0	0	
2249.57	2.10249e+07	-1011	0	0	0	0	0	0	
2247.5	2.10832e+07	-184	0	0	0	0	0	0	
2245.43	2.11331e+07	1503	0	0	0	0	0	0	
2243.36	2.11908e+07	690	0	0	0	0	0	0	
2241.28	2.12435e+07	493	0	0	0	0	0	0	
2239.21	2.12978e+07	1281	0	0	0	0	0	0	
2237.13	2.13547e+07	-1849	0	0	0	0	0	0	
2235.06	2.14122e+07	-1106	0	0	0	0	0	0	
2232.98	2.14706e+07	-1627	0	0	0	0	0	0	
2230.9	2.15248e+07	-1110	0	0	0	0	0	0	
2228.82	2.15785e+07	-438	0	0	0	0	0	0	
2226.74	2.16342e+07	1318	0	0	0	0	0	0	
2224.65	2.16928e+07	-2362	0	0	0	0	0	0	
2222.57	2.17463e+07	235	0	0	0	0	0	0	
2220.48	2.18021e+07	1146	0	0	0	0	0	0	
2218.39	2.18628e+07	-207	0	0	0	0	0	0	
2216.3	2.19266e+07	-2246	0	0	0	0	0	0	
2214.21	2.19882e+07	2387	0	0	0	0	0	0	
2212.12	2.20389e+07	-1465	0	0	0	0	0	0	
2210.03	2.2107e+07	2782	0	0	0	0	0	0	
2207.93	2.21616e+07	-477	0	0	0	0	0	0	
2205.84	2.22254e+07	581	0	0	0	0	0	0	
2203.74	2.22851e+07	-336	0	0	0	0	0	0	
2201.64	2.23482e+07	1610	0	0	0	0	0	0	
2199.54	2.24127e+07	1203	0	0	0	0	0	0	
2197.44	2.24771e+07	1793	0	0	0	0	0	0	
2195.34	2.25405e+07	-1130	0	0	0	0	0	0	
2193.23	2.25951e+07	1604	0	0	0	0	0	0	
2191.13	2.26645e+07	-1948	0	0	0	0	0	0	
2189.02	2.27276e+07	-1213	0	0	0	0	0	0	
2186.91	2.27894e+07	-1005	0	0	0	0	0	0	
2184.8	2.28553e+07	-2181	0	0	0	0	0	0	
2182.69	2.29197e+07	2375	0	0	0	0	0	0	
2180.58	2.29796e+07	390	0	0	0	0	0	0	
2178.46	2.30476e+07	-595	0	0	0	0	0	0	
2176.35	2.31109e+07	2478	0	0	0	0	0	0	
2174.23	2.3171e+07	580	0	0	0	0	0	0	
2172.11	2.32245e+07	-1766	0	0	0	0	0	0	
2169.99	2.32827e+07	-1951	0	0	0	0	0	0	
2167.87	2.33362e+07	-889	0	0	0	0	0	0	
2165.75	2.33896e+07	-2015	0	0	0	0	0	0	
2163.63	2.34522e+07	1858	0	0	0	0	0	0	
2161.5	2.35047e+07	1231	0	0	0	0	0	0	
2159.37	2.35512e+07	733	0	0	0	0	0	0	
2157.25	2.36016e+07	130	0	0	0	0	0	0	
2155.12	2.36426e+07	-550	0	0	0	0	0	0	
2152.99	2.3688e+07	-634	0	0	0	0	0	0	
2150.85	2.37315e+07	270	0	0	0	0	0	0	
2148.72	2.37743e+07	1207	0	0	0	0	0	0	
2146.59	2.38162e+07	-1113	0	0	0	0	0	0	
2144.45	2.38524e+07	-420	0	0	0	0	0	0	
2142.31	2.38881e+07	-1684	0	0	0	0	0	0	
2140.17	2.39288e+07	-3643	0	0	0	0	0	0	
2138.03	2.39485e+07	207	0	0	0	0	0	0	
2135.89	2.39828e+07	-1097	0	0	0	0	0	0	
2133.75	2.40173e+07	1296	0	0	0	0	0	0	
2131.6	2.40436e+07	1468	0	0	0	0	0	0	
2129.46	2.40778e+07	-2687	0	0	0	0	0	0	
2127.31	2.41054e+07	-1981	0	0	0	0	0	0	
2125.16	2.41337e+07	1300	0	0	0	0	0	0	
2123.01	2.41605e+07	572	0	0	0	0	0	0	
2120.86	2.41818e+07	1067	0	0	0	0	0	0	
2118.71	2.42042e+07	485	0	0	0	0	0	0	
2116.55	2.4226e+07	3010	0	0	0	0	0	0	
2114.4	2.42305e+07	-635	0	0	0	0	0	0	
2112.24	2.42334e+07	479	0	0	0	0	0	0	
2110.08	2.42517e+07	18	0	0	0	0	0	0	
2107.92	2.42652e+07	-1182	0	0	0	0	0	0	
2105.76	2.42824e+07	2450	0	0	0	0	0	0	
2103.6	2.42802e+07	-552	0	0	0	0	0	0	
2101.43	2.42824e+07	57	0	0	0	0	0	0	
2099.27	2.4287e+07	-1120	0	0	0	0	0	0	
2097.1	2.42999e+07	-2954	0	0	0	0	0	0	
2094.93	2.43089e+07	-411	0	0	0	0	0	0	
2092.76	2.43157e+07	-1224	0	0	0	0	0	0	
2090.59	2.43257e+07	1013	0	0	0	0	0	0	
2088.42	2.43329e+07	562	0	0	0	0	0	0	
2086.25	2.43344e+07	1008	0	0	0	0	0	0	
2084.07	2.43431e+07	-1891	0	0	0	0	0	0	
2081.89	2.43427e+07	807	0	0	0	0	0	0	
2079.72	2.43659e+07	743	0	0	0	0	0	0	
2077.54	2.43658e+07	-1178	0	0	0	0	0	0	
2075.36	2.4376e+07	-2306	0	0	0	0	0	0	
2073.17	2.43727e+07	1793	0	0	0	0	0	0	
2070.99	2.43727e+07	-626	0	0	0	0	0	0	
2068.8	2.43734e+07	-1900	0	0	0	0	0	0	
2066.62	2.43716e+07	597	0	0	0	0	0	0	
2064.43	2.43756e+07	-607	0	0	0	0	0	0	
2062.24	2.43716e+07	464	0	0	0	0	0	0	
2060.05	2.43669e+07	0	0	0	0	0	0	0	
2057.86	2.43679e+07	1067	0	0	0	0	0	0	
2055.66	2.43612e+07	-616	0	0	0	0	0	0	
2053.47	2.4355e+07	638	0	0	0	0	0	0	
2051.27	2.43402e+07	-1928	0	0	0	0	0	0	
2049.07	2.43288e+07	1958	0	0	0	0	0	0	
2046.87	2.4316e+07	-1018	0	0	0	0	0	0	
2044.67	2.43038e+07	1984	0	0	0	0	0	0	
2042.47	2.42914e+07	-667	0	0	0	0	0	0	
2040.27	2.42869e+07	-481	0	0	0	0	0	0	
2038.06	2.42601e+07	-871	0	0	0	0	0	0	
2035.86	2.42421e+07	1334	0	0	0	0	0	0	
2033.65	2.42205e+07	-251	0	0	0	0	0	0	
2031.44	2.42046e+07	-1130	0	0	0	0	0	0	
2029.23	2.41824e+07	-1342	0	0	0	0	0	0	
2027.02	2.41581e+07	-2346	0	0	0	0	0	0	
2024.8	2.41344e+07	-1715	0	0	0	0	0	0	
2022.59	2.41168e+07	423	0	0	0	0	0	0	
2020.37	2.40871e+07	1560	0	0	0	0	0	0	
2018.15	2.40613e+07	-1083	0	0	0	0	0	0	
2015.93	2.4025e+07	3070	0	0	0	0	0	0	
2013.71	2.40052e+07	1896	0	0	0	0	0	0	
2011.49	2.39695e+07	1522	0	0	0	0	0	0	
2009.27	2.39378e+07	-2094	0	0	0	0	0	0	
2007.04	2.39078e+07	178	0	0	0	0	0	0	
2004.81	2.38887e+07	-511	0	0	0	0	0	0	
2002.59	2.38596e+07	-560	0	0	0	0	0	0	
2000.36	2.38245e+07	1576	0	0	0	0	0	0	
1998.13	2.37926e+07	1030	0	0	0	0	0	0	
1995.89	2.37489e+07	174	0	0	0	0	0	0	
1993.66	2.37337e+07	87	0	0	0	0	0	0	
1991.42	2.37061e+07	1599	0	0	0	0	0	0	
1989.19	2.36768e+07	931	0	0	0	0	0	0	
1986.95	2.36547e+07	-567	0	0	0	0	0	0	
1984.71	2.36228e+07	-2380	0	0	0	0	0	0	
1982.47	2.35921e+07	-333	0	0	0	0	0	0	
1980.23	2.35678e+07	440	0	0	0	0	0	0	
1977.98	2.35407e+07	-697	0	0	0	0	0	0	
1975.74	2.35056e+07	-332	0	0	0	0	0	0	
1973.49	2.34813e+07	1214	0	0	0	0	0	0	
1971.24	2.34724e+07	-1807	0	0	0	0	0	0	
1968.99	2.34594e+07	649	0	0	0	0	0	0	
1966.74	2.34355e+07	901	0	0	0	0	0	0	
1964.49	2.34154e+07	820	0	0	0	0	0	0	
1962.24	2.34018e+07	3133	0	0	0	0	0	0	
1959.98	2.33873e+07	-540	0	0	0	0	0	0	
1957.72	2.33768e+07	-1464	0	0	0	0	0	0	
1955.47	2.33599e+07	-1619	0	0	0	0	0	0	
1953.21	2.33463e+07	637	0	0	0	0	0	0	
1950.94	2.33373e+07	-500	0	0	0	0	0	0	
1948.68	2.33378e+07	-1904	0	0	0	0	0	0	
1946.42	2.33244e+07	-179	0	0	0	0	0	0	
1944.15	2.3322e+07	-1414	0	0	0	0	0	0	
1941.88	2.33141e+07	178	0	0	0	0	0	0	
1939.62	2.33081e+07	415	0	0	0	0	0	0	
1937.35	2.33026e+07	195	0	0	0	0	0	0	
1935.07	2.33097e+07	-379	0	0	0	0	0	0	
1932.8	2.33107e+07	129	0	0	0	0	0	0	
1930.53	2.33097e+07	-966	0	0	0	0	0	0	
1928.25	2.33058e+07	-333	0	0	0	0	0	0	
1925.97	2.33177e+07	819	0	0	0	0	0	0	
1923.7	2.33154e+07	37	0	0	0	0	0	0	
1921.42	2.33121e+07	1090	0	0	0	0	0	0	
1919.13	2.3314e+07	-796	0	0	0	0	0	0	
1916.85	2.33198e+07	401	0	0	0	0	0	0	
1914.57	2.3325e+07	-31	0	0	0	0	0	0	
1912.28	2.33274e+07	-1222	0	0	0	0	0	0	
1909.99	2.33335e+07	-103	0	0	0	0	0	0	
1907.7	2.33308e+07	-44	0	0	0	0	0	0	
1905.41	2.33195e+07	-1724	0	0	0	0	0	0	
1903.12	2.33407e+07	-719	0	0	0	0	0	0	
1900.83	2.33432e+07	-637	0	0	0	0	0	0	
1898.53	2.33508e+07	-299	0	0	0	0	0	0	
1896.24	2.33513e+07	1366	0	0	0	0	0	0	
1893.94	2.33495e+07	160	0	0	0	0	0	0	
1891.64	2.33565e+07	-609	0	0	0	0	0	0	
1889.34	2.33748e+07	-1671	0	0	0	0	0	0	
1887.04	2.33634e+07	31	0	0	0	0	0	0	
1884.73	2.33641e+07	-963	0	0	0	0	0	0	
1882.43	2.33694e+07	1305	0	0	0	0	0	0	
1880.12	2.33802e+07	-398	0	0	0	0	0	0	
1877.81	2.33915e+07	-562	0	0	0	0	0	0	
1875.5	2.33994e+07	-1474	0	0	0	0	0	0	
1873.19	2.3408e+07	147	0	0	0	0	0	0	
1870.88	2.34124e+07	3009	0	0	0	0	0	0	
1868.56	2.34275e+07	1777	0	0	0	0	0	0	
1866.25	2.34411e+07	-2049	0	0	0	0	0	0	
1863.93	2.34579e+07	-1280	0	0	0	0	0	0	
1861.61	2.34752e+07	-2880	0	0	0	0	0	0	
1859.29	2.34974e+07	503	0	0	0	0	0	0	
1856.97	2.35243e+07	585	0	0	0	0	0	0	
1854.65	2.35412e+07	120	0	0	0	0	0	0	
1852.32	2.35597e+07	1236	0	0	0	0	0	0	
1850	2.35877e+07	-267	0	0	0	0	0	0	
1847.67	2.36202e+07	881	0	0	0	0	0	0	
1845.34	2.36477e+07	1314	0	0	0	0	0	0	
1843.01	2.36903e+07	3341	0	0	0	0	0	0	
1840.68	2.37262e+07	1899	0	0	0	0	0	0	
1838.35	2.37572e+07	-912	0	0	0	0	0	0	
1836.01	2.38003e+07	1826	0	0	0	0	0	0	
1833.67	2.38461e+07	-1091	0	0	0	0	0	0	
1831.34	2.38899e+07	1557	0	0	0	0	0	0	
1829	2.39416e+07	-3113	0	0	0	0	0	0	
1826.66	2.39894e+07	-543	0	0	0	0	0	0	
1824.31	2.40384e+07	1256	0	0	0	0	0	0	
1821.97	2.41026e+07	260	0	0	0	0	0	0	
1819.62	2.41648e+07	2469	0	0	0	0	0	0	
1817.28	2.42222e+07	775	0	0	0	0	0	0	
1814.93	2.42827e+07	-251	0	0	0	0	0	0	
1812.58	2.43528e+07	2413	0	0	0	0	0	0	
1810.23	2.44151e+07	-474	0	0	0	0	0	0	
1807.87	2.44848e+07	2117	0	0	0	0	0	0	
1805.52	2.45591e+07	701	0	0	0	0	0	0	
1803.16	2.46393e+07	-182	0	0	0	0	0	0	
1800.81	2.47174e+07	802	0	0	0	0	0	0	
1798.45	2.47958e+07	102	0	0	0	0	0	0	
1796.09	2.48778e+07	-2075	0	0	0	0	0	0	
1793.72	2.49633e+07	-1184	0	0	0	0	0	0	
1791.36	2.50537e+07	1280	0	0	0	0	0	0	
1789	2.51455e+07	1276	0	0	0	0	0	0	
1786.63	2.52387e+07	689	0	0	0	0	0	0	
1784.26	2.5334e+07	-648	0	0	0	0	0	0	
1781.89	2.54277e+07	-2032	0	0	0	0	0	0	
1779.52	2.55286e+07	3096	0	0	0	0	0	0	
1777.15	2.56322e+07	1779	0	0	0	0	0	0	
1774.77	2.57581e+07	1836	0	0	0	0	0	0	
1772.4	2.58874e+07	-885	0	0	0	0	0	0	
1770.02	2.59938e+07	806	0	0	0	0	0	0	
1767.64	2.6102e+07	1595	0	0	0	0	0	0	
1765.26	2.62488e+07	-1786	0	0	0	0	0	0	
1762.88	2.63936e+07	-547	0	0	0	0	0	0	
1760.5	2.65448e+07	2710	0	0	0	0	0	0	
1758.11	2.67048e+07	1856	0	0	0	0	0	0	
1755.73	2.68799e+07	-2345	0	0	0	0	0	0	
1753.34	2.70568e+07	-2800	0	0	0	0	0	0	
1750.95	2.72543e+07	-434	0	0	0	0	0	0	
1748.56	2.74665e+07	1157	0	0	0	0	0	0	
1746.16	2.76913e+07	729	0	0	0	0	0	0	
1743.77	2.79302e+07	-266	0	0	0	0	0	0	
1741.37	2.81944e+07	3654	0	0	0	0	0	0	
1738.98	2.8467e+07	434	0	0	0	0	0	0	
1736.58	2.87656e+07	-425	0	0	0	0	0	0	
1734.18	2.90699e+07	289	0	0	0	0	0	0	
1731.78	2.93894e+07	1760	0	0	0	0	0	0	
1729.37	2.97395e+07	2750	0	0	0	0	0	0	
1726.97	3.0122e+07	-1006	0	0	0	0	0	0	
1724.56	3.05168e+07	1684	0	0	0	0	0	0	
1722.16	3.09311e+07	-1340	0	0	0	0	0	0	
1719.75	3.13612e+07	2259	0	0	0	0	0	0	
1717.33	3.18552e+07	2145	0	0	0	0	0	0	
1714.92	3.23842e+07	3174	0	0	0	0	0	0	
1712.51	3.29588e+07	2283	0	0	0	0	0	0	
1710.09	3.35954e+07	-1649	0	0	0	0	0	0	
1707.68	3.43319e+07	-1393	0	0	0	0	0	0	
1705.26	3.5184e+07	2627	0	0	0	0	0	0	
1702.84	3.61745e+07	660	0	0	0	0	0	0	
1700.42	3.73425e+07	1745	0	0	0	0	0	0	
1697.99	3.87043e+07	560	0	0	0	0	0	0	
1695.57	4.02478e+07	-1184	0	0	0	0	0	0	
1693.14	4.19757e+07	-795	0	0	0	0	0	0	
1690.71	4.38006e+07	814	0	0	0	0	0	0	
1688.28	4.56287e+07	359	0	0	0	0	0	0	
1685.85	4.73778e+07	2598	0	0	0	0	0	0	
1683.42	4.89325e+07	3208	0	0	0	0	0	0	
1680.99	5.02284e+07	2058	0	0	0	0	0	0	
1678.55	5.12382e+07	3066	0	0	0	0	0	0	
1676.11	5.19894e+07	-305	0	0	0	0	0	0	
1673.67	5.25398e+07	248	0	0	0	0	0	0	
1671.23	5.29137e+07	4561	0	0	0	0	0	0	
1668.79	5.3177e+07	-1100	0	0	0	0	0	0	
1666.35	5.33479e+07	3676	0	0	0	0	0	0	
1663.9	5.34956e+07	2855	0	0	0	0	0	0	
1661.46	5.36105e+07	-608	0	0	0	0	0	0	
1659.01	5.37022e+07	2989	0	0	0	0	0	0	
1656.56	5.37523e+07	944	0	0	0	0	0	0	
1654.11	5.37412e+07	1830	0	0	0	0	0	0	
1651.65	5.36839e+07	617	0	0	0	0	0	0	
1649.2	5.35546e+07	-1945	0	0	0	0	0	0	
1646.74	5.33818e+07	2007	0	0	0	0	0	0	
1644.29	5.31413e+07	2075	0	0	0	0	0	0	
1641.83	5.28398e+07	2716	0	0	0	0	0	0	
1639.37	5.2475e+07	-654	0	0	0	0	0	0	
1636.9	5.20504e+07	2402	0	0	0	0	0	0	
1634.44	5.15694e+07	-2240	0	0	0	0	0	0	
1631.97	5.10628e+07	-55	0	0	0	0	0	0	
1629.51	5.04957e+07	4028	0	0	0	0	0	0	
1627.04	4.99174e+07	-1496	0	0	0	0	0	0	
1624.57	4.92955e+07	594	0	0	0	0	0	0	
1622.1	4.86946e+07	2717	0	0	0	0	0	0	
1619.62	4.80676e+07	2857	0	0	0	0	0	0	
1617.15	4.74498e+07	-1084	0	0	0	0	0	0	
1614.67	4.68407e+07	1093	0	0	0	0	0	0	
1612.19	4.62521e+07	-1196	0	0	0	0	0	0	
1609.71	4.56849e+07	613	0	0	0	0	0	0	
1607.23	4.51458e+07	-3	0	0	0	0	0	0	
1604.75	4.46404e+07	1057	0	0	0	0	0	0	
1602.26	4.41661e+07	3132	0	0	0	0	0	0	
1599.78	4.37389e+07	2948	0	0	0	0	0	0	
1597.29	4.33454e+07	243	0	0	0	0	0	0	
1594.8	4.29769e+07	1521	0	0	0	0	0	0	
1592.31	4.26538e+07	2108	0	0	0	0	0	0	
1589.82	4.23812e+07	-448	0	0	0	0	0	0	
1587.32	4.21323e+07	644	0	0	0	0	0	0	
1584.83	4.19288e+07	-1321	0	0	0	0	0	0	
1582.33	4.17594e+07	3447	0	0	0	0	0	0	
1579.83	4.16001e+07	19	0	0	0	0	0	0	
1577.33	4.1476e+07	-571	0	0	0	0	0	0	
1574.83	4.13487e+07	2260	0	0	0	0	0	0	
1572.33	4.12289e+07	3322	0	0	0	0	0	0	
1569.82	4.11004e+07	2601	0	0	0	0	0	0	
1567.32	4.09429e+07	60	0	0	0	0	0	0	
1564.81	4.07533e+07	1755	0	0	0	0	0	0	
1562.3	4.0549e+07	-1376	0	0	0	0	0	0	
1559.79	4.03256e+07	3382	0	0	0	0	0	0	
1557.27	4.0049e+07	240	0	0	0	0	0	0	
1554.76	3.9721e+07	1528	0	0	0	0	0	0	
1552.24	3.93385e+07	51	0	0	0	0	0	0	
1549.72	3.89184e+07	589	0	0	0	0	0	0	
1547.2	3.8501e+07	500	0	0	0	0	0	0	
1544.68	3.80899e+07	2147	0	0	0	0	0	0	
1542.16	3.76776e+07	463	0	0	0	0	0	0	
1539.63	3.72956e+07	-2759	0	0	0	0	0	0	
1537.11	3.69061e+07	3465	0	0	0	0	0	0	
1534.58	3.65431e+07	3917	0	0	0	0	0	0	
1532.05	3.622e+07	-415	0	0	0	0	0	0	
1529.52	3.59072e+07	500	0	0	0	0	0	0	
1526.99	3.5609e+07	2437	0	0	0	0	0	0	
1524.45	3.53451e+07	-600	0	0	0	0	0	0	
1521.92	3.50922e+07	-1953	0	0	0	0	0	0	
1519.38	3.48617e+07	-1444	0	0	0	0	0	0	
1516.84	3.46432e+07	-1904	0	0	0	0	0	0	
1514.3	3.44343e+07	2528	0	0	0	0	0	0	
1511.76	3.42487e+07	6227	0	0	0	0	0	0	
1509.21	3.40796e+07	-226	0	0	0	0	0	0	
1506.67	3.39368e+07	-897	0	0	0	0	0	0	
1504.12	3.38241e+07	882	0	0	0	0	0	0	
1501.57	3.37269e+07	124	0	0	0	0	0	0	
1499.02	3.36598e+07	262	0	0	0	0	0	0	
1496.47	3.36102e+07	1376	0	0	0	0	0	0	
1493.92	3.35793e+07	1792	0	0	0	0	0	0	
1491.36	3.35744e+07	1596	0	0	0	0	0	0	
1488.8	3.35866e+07	903	0	0	0	0	0	0	
1486.25	3.36225e+07	-1138	0	0	0	0	0	0	
1483.69	3.3711e+07	199	0	0	0	0	0	0	
1481.12	3.38005e+07	219	0	0	0	0	0	0	
1478.56	3.39588e+07	1209	0	0	0	0	0	0	
1475.99	3.41398e+07	3156	0	0	0	0	0	0	
1473.43	3.44284e+07	314	0	0	0	0	0	0	
1470.86	3.4813e+07	1266	0	0	0	0	0	0	
1468.29	3.5403e+07	-4796	0	0	0	0	0	0	
1465.72	3.62634e+07	1558	0	0	0	0	0	0	
1463.14	3.75309e+07	-226	0	0	0	0	0	0	
1460.57	3.92201e+07	-1692	0	0	0	0	0	0	
1457.99	4.12085e+07	2589	0	0	0	0	0	0	
1455.41	4.32196e+07	-3922	0	0	0	0	0	0	
1452.83	4.5069e+07	-2387	0	0	0	0	0	0	
1450.25	4.66716e+07	2289	0	0	0	0	0	0	
1447.67	4.79808e+07	-2175	0	0	0	0	0	0	
1445.08	4.8833e+07	-849	0	0	0	0	0	0	
1442.5	4.90564e+07	-1586	0	0	0	0	0	0	
1439.91	4.87325e+07	2747	0	0	0	0	0	0	
1437.32	4.83926e+07	-4108	0	0	0	0	0	0	
1434.73	4.86413e+07	383	0	0	0	0	0	0	
1432.14	4.9757e+07	-5116	0	0	0	0	0	0	
1429.54	5.14336e+07	-72	0	0	0	0	0	0	
1426.94	5.30461e+07	3699	0	0	0	0	0	0	
1424.35	5.41752e+07	-257	0	0	0	0	0	0	
1421.75	5.49601e+07	-1096	0	0	0	0	0	0	
1419.14	5.58591e+07	-912	0	0	0	0	0	0	
1416.54	5.73538e+07	2209	0	0	0	0	0	0	
1413.94	5.93798e+07	-823	0	0	0	0	0	0	
1411.33	6.1405e+07	-2157	0	0	0	0	0	0	
1408.72	6.26983e+07	1250	0	0	0	0	0	0	
1406.11	6.2678e+07	2232	0	0	0	0	0	0	
1403.5	6.12061e+07	165	0	0	0	0	0	0	
1400.89	5.87931e+07	-2700	0	0	0	0	0	0	
1398.27	5.60044e+07	-2392	0	0	0	0	0	0	
1395.66	5.32383e+07	2026	0	0	0	0	0	0	
1393.04	5.07569e+07	679	0	0	0	0	0	0	
1390.42	4.86201e+07	1420	0	0	0	0	0	0	
1387.8	4.68353e+07	-3572	0	0	0	0	0	0	
1385.17	4.53624e+07	-392	0	0	0	0	0	0	
1382.55	4.41499e+07	4208	0	0	0	0	0	0	
1379.92	4.31614e+07	2263	0	0	0	0	0	0	
1377.29	4.24134e+07	1002	0	0	0	0	0	0	
1374.66	4.18864e+07	215	0	0	0	0	0	0	
1372.03	4.16263e+07	-795	0	0	0	0	0	0	
1369.4	4.16262e+07	473	0	0	0	0	0	0	
1366.76	4.18882e+07	-2308	0	0	0	0	0	0	
1364.13	4.23299e+07	-1212	0	0	0	0	0	0	
1361.49	4.28473e+07	-2662	0	0	0	0	0	0	
1358.85	4.32967e+07	225	0	0	0	0	0	0	
1356.21	4.35249e+07	4754	0	0	0	0	0	0	
1353.56	4.35281e+07	3210	0	0	0	0	0	0	
1350.92	4.33257e+07	5982	0	0	0	0	0	0	
1348.27	4.30646e+07	3438	0	0	0	0	0	0	
1345.62	4.2831e+07	655	0	0	0	0	0	0	
1342.97	4.2724e+07	2113	0	0	0	0	0	0	
1340.32	4.28148e+07	3910	0	0	0	0	0	0	
1337.67	4.31695e+07	5937	0	0	0	0	0	0	
1335.01	4.38668e+07	4015	0	0	0	0	0	0	
1332.35	4.49335e+07	3981	0	0	0	0	0	0	
1329.69	4.63632e+07	6193	0	0	0	0	0	0	
1327.03	4.79727e+07	9567	0	0	0	0	0	0	
1324.37	4.95336e+07	10060	0	0	0	0	0	0	
1321.71	5.08133e+07	12365	0	0	0	0	0	0	
1319.04	5.17311e+07	6184	0	0	0	0	0	0	
1316.37	5.21867e+07	9192	0	0	0	0	0	0	
1313.71	5.22368e+07	3274	0	0	0	0	0	0	
1311.03	5.20161e+07	6631	0	0	0	0	0	0	
1308.36	5.16845e+07	9152	0	0	0	0	0	0	
1305.69	5.13823e+07	6626	0	0	0	0	0	0	
1303.01	5.11276e+07	2439	0	0	0	0	0	0	
1300.33	5.08573e+07	2095	0	0	0	0	0	0	
1297.66	5.05661e+07	-3000	0	0	0	0	0	0	
1294.97	5.02496e+07	-4224	0	0	0	0	0	0	
1292.29	4.98881e+07	-3902	0	0	0	0	0	0	
1289.61	4.94283e+07	-1783	0	0	0	0	0	0	
1286.92	4.89155e+07	-8207	0	0	0	0	0	0	
1284.23	4.83729e+07	-3880	0	0	0	0	0	0	
1281.54	4.7951e+07	-4346	0	0	0	0	0	0	
1278.85	4.78201e+07	-4297	0	0	0	0	0	0	
1276.16	4.80024e+07	-2266	0	0	0	0	0	0	
1273.46	4.84129e+07	-4525	0	0	0	0	0	0	
1270.77	4.88419e+07	-1917	0	0	0	0	0	0	
1268.07	4.9194e+07	-2595	0	0	0	0	0	0	
1265.37	4.95002e+07	-4332	0	0	0	0	0	0	
1262.67	4.97716e+07	-4049	0	0	0	0	0	0	
1259.96	5.01784e+07	518	0	0	0	0	0	0	
1257.26	5.06812e+07	-3587	0	0	0	0	0	0	
1254.55	5.11703e+07	-2127	0	0	0	0	0	0	
1251.84	5.14707e+07	406	0	0	0	0	0	0	
1249.13	5.15027e+07	-2813	0	0	0	0	0	0	
1246.42	5.1282e+07	-705	0	0	0	0	0	0	
1243.71	5.08727e+07	3450	0	0	0	0	0	0	
1240.99	5.03292e+07	638	0	0	0	0	0	0	
1238.27	4.96258e+07	-1851	0	0	0	0	0	0	
1235.56	4.87479e+07	2616	0	0	0	0	0	0	
1232.83	4.76905e+07	2382	0	0	0	0	0	0	
1230.11	4.65542e+07	1029	0	0	0	0	0	0	
1227.39	4.53918e+07	4267	0	0	0	0	0	0	
1224.66	4.43312e+07	-968	0	0	0	0	0	0	
1221.93	4.34613e+07	5307	0	0	0	0	0	0	
1219.2	4.2811e+07	3873	0	0	0	0	0	0	
1216.47	4.23916e+07	2417	0	0	0	0	0	0	
1213.74	4.21365e+07	938	0	0	0	0	0	0	
1211.01	4.19653e+07	747	0	0	0	0	0	0	
1208.27	4.17887e+07	-1741	0	0	0	0	0	0	
1205.53	4.15754e+07	-1151	0	0	0	0	0	0	
1202.79	4.13879e+07	-729	0	0	0	0	0	0	
1200.05	4.12819e+07	-4752	0	0	0	0	0	0	
1197.3	4.12857e+07	1349	0	0	0	0	0	0	
1194.56	4.13441e+07	4354	0	0	0	0	0	0	
1191.81	4.13507e+07	1393	0	0	0	0	0	0	
1189.06	4.12433e+07	260	0	0	0	0	0	0	
1186.31	4.10131e+07	2915	0	0	0	0	0	0	
1183.56	4.07027e+07	2780	0	0	0	0	0	0	
1180.81	4.0397e+07	477	0	0	0	0	0	0	
1178.05	4.01049e+07	1545	0	0	0	0	0	0	
1175.29	3.97566e+07	-932	0	0	0	0	0	0	
1172.53	3.92876e+07	-774	0	0	0	0	0	0	
1169.77	3.86589e+07	785	0	0	0	0	0	0	
1167.01	3.79232e+07	-1954	0	0	0	0	0	0	
1164.24	3.7158e+07	1598	0	0	0	0	0	0	
1161.48	3.65011e+07	-2297	0	0	0	0	0	0	
1158.71	3.60416e+07	917	0	0	0	0	0	0	
1155.94	3.57864e+07	1608	0	0	0	0	0	0	
1153.17	3.57373e+07	580	0	0	0	0	0	0	
1150.39	3.58642e+07	-1132	0	0	0	0	0	0	
1147.62	3.6135e+07	-781	0	0	0	0	0	0	
1144.84	3.65275e+07	-1004	0	0	0	0	0	0	
1142.06	3.69931e+07	1126	0	0	0	0	0	0	
1139.28	3.74498e+07	402	0	0	0	0	0	0	
1136.5	3.78421e+07	1485	0	0	0	0	0	0	
1133.71	3.81275e+07	2051	0	0	0	0	0	0	
1130.93	3.83064e+07	1929	0	0	0	0	0	0	
1128.14	3.84525e+07	371	0	0	0	0	0	0	
1125.35	3.85641e+07	-49	0	0	0	0	0	0	
1122.56	3.86741e+07	3823	0	0	0	0	0	0	
1119.76	3.8795e+07	646	0	0	0	0	0	0	
1116.97	3.89603e+07	729	0	0	0	0	0	0	
1114.17	3.91984e+07	1507	0	0	0	0	0	0	
1111.37	3.95468e+07	90	0	0	0	0	0	0	
1108.57	4.0072e+07	-1075	0	0	0	0	0	0	
1105.77	4.07825e+07	121	0	0	0	0	0	0	
1102.97	4.17138e+07	-325	0	0	0	0	0	0	
1100.16	4.27697e+07	-1583	0	0	0	0	0	0	
1097.35	4.39399e+07	-1496	0	0	0	0	0	0	
1094.54	4.51794e+07	-5716	0	0	0	0	0	0	
1091.73	4.64747e+07	-4762	0	0	0	0	0	0	
1088.92	4.7797e+07	-2762	0	0	0	0	0	0	
1086.1	4.9098e+07	-4100	0	0	0	0	0	0	
1083.29	5.02772e+07	-302	0	0	0	0	0	0	
1080.47	5.12256e+07	-1005	0	0	0	0	0	0	
1077.65	5.19107e+07	-581	0	0	0	0	0	0	
1074.83	5.24026e+07	-3132	0	0	0	0	0	0	
1072	5.27641e+07	2371	0	0	0	0	0	0	
1069.18	5.29247e+07	2832	0	0	0	0	0	0	
1066.35	5.26973e+07	145	0	0	0	0	0	0	
1063.52	5.20041e+07	-871	0	0	0	0	0	0	
1060.69	5.09725e+07	-2007	0	0	0	0	0	0	
1057.85	4.99667e+07	3102	0	0	0	0	0	0	
1055.02	4.92816e+07	1108	0	0	0	0	0	0	
1052.18	4.9022e+07	3197	0	0	0	0	0	0	
1049.34	4.91385e+07	960	0	0	0	0	0	0	
1046.5	4.94164e+07	-1629	0	0	0	0	0	0	
1043.66	4.95605e+07	23	0	0	0	0	0	0	
1040.82	4.928e+07	-3577	0	0	0	0	0	0	
1037.97	4.84833e+07	2145	0	0	0	0	0	0	
1035.12	4.73037e+07	1350	0	0	0	0	0	0	
1032.27	4.60702e+07	716	0	0	0	0	0	0	
1029.42	4.50791e+07	-488	0	0	0	0	0	0	
1026.57	4.44663e+07	2182	0	0	0	0	0	0	
1023.71	4.40745e+07	191	0	0	0	0	0	0	
1020.86	4.37216e+07	-163	0	0	0	0	0	0	
1018	4.32526e+07	2472	0	0	0	0	0	0	
1015.14	4.26856e+07	3428	0	0	0	0	0	0	
1012.27	4.21272e+07	1910	0	0	0	0	0	0	
1009.41	4.18026e+07	2289	0	0	0	0	0	0	
1006.54	4.17944e+07	2052	0	0	0	0	0	0	
1003.68	4.20848e+07	-1469	0	0	0	0	0	0	
1000.81	4.25444e+07	1351	0	0	0	0	0	0	
997.935	4.31059e+07	-855	0	0	0	0	0	0	
995.061	4.36973e+07	1372	0	0	0	0	0	0	
992.186	4.42724e+07	3346	0	0	0	0	0	0	
989.308	4.48075e+07	1560	0	0	0	0	0	0	
986.429	4.53534e+07	947	0	0	0	0	0	0	
983.548	4.59633e+07	2647	0	0	0	0	0	0	
980.666	4.66908e+07	203	0	0	0	0	0	0	
977.781	4.76123e+07	1772	0	0	0	0	0	0	
974.894	4.88669e+07	2020	0	0	0	0	0	0	
972.006	5.06896e+07	199	0	0	0	0	0	0	
969.116	5.32887e+07	3566	0	0	0	0	0	0	
966.224	5.66944e+07	4830	0	0	0	0	0	0	
963.33	6.05465e+07	1673	0	0	0	0	0	0	
960.434	6.41512e+07	1962	0	0	0	0	0	0	
957.536	6.6906e+07	-3826	0	0	0	0	0	0	
954.637	6.86621e+07	5621	0	0	0	0	0	0	
951.735	6.95087e+07	4148	0	0	0	0	0	0	
948.832	6.96203e+07	2485	0	0	0	0	0	0	
945.927	6.90097e+07	2385	0	0	0	0	0	0	
943.02	6.75893e+07	3195	0	0	0	0	0	0	
940.111	6.54242e+07	880	0	0	0	0	0	0	
937.2	6.27859e+07	2070	0	0	0	0	0	0	
934.287	6.0146e+07	88	0	0	0	0	0	0	
931.373	5.78179e+07	7430	0	0	0	0	0	0	
928.456	5.60359e+07	2772	0	0	0	0	0	0	
925.538	5.46899e+07	2409	0	0	0	0	0	0	
922.618	5.36207e+07	3472	0	0	0	0	0	0	
919.696	5.27017e+07	2125	0	0	0	0	0	0	
916.772	5.20006e+07	948	0	0	0	0	0	0	
913.846	5.15545e+07	457	0	0	0	0	0	0	
910.918	5.14194e+07	4745	0	0	0	0	0	0	
907.989	5.15965e+07	1520	0	0	0	0	0	0	
905.057	5.20826e+07	25	0	0	0	0	0	0	
902.124	5.26756e+07	629	0	0	0	0	0	0	
899.189	5.3111e+07	-2932	0	0	0	0	0	0	
896.252	5.31498e+07	1744	0	0	0	0	0	0	
893.313	5.26936e+07	-4239	0	0	0	0	0	0	
890.372	5.17233e+07	-1043	0	0	0	0	0	0	
887.429	5.03593e+07	-2176	0	0	0	0	0	0	
884.484	4.88616e+07	1853	0	0	0	0	0	0	
881.537	4.7527e+07	-3843	0	0	0	0	0	0	
878.589	4.65114e+07	1624	0	0	0	0	0	0	
875.638	4.59729e+07	1123	0	0	0	0	0	0	
872.686	4.57597e+07	-116	0	0	0	0	0	0	
869.732	4.5869e+07	-2500	0	0	0	0	0	0	
866.776	4.6256e+07	150	0	0	0	0	0	0	
863.818	4.67857e+07	114	0	0	0	0	0	0	
860.858	4.73676e+07	-1839	0	0	0	0	0	0	
857.896	4.79019e+07	1607	0	0	0	0	0	0	
854.932	4.82908e+07	-1361	0	0	0	0	0	0	
851.966	4.84903e+07	496	0	0	0	0	0	0	
848.999	4.85254e+07	1333	0	0	0	0	0	0	
846.029	4.8457e+07	2534	0	0	0	0	0	0	
843.058	4.83436e+07	58	0	0	0	0	0	0	
840.084	4.82668e+07	-466	0	0	0	0	0	0	
837.109	4.8252e+07	-1083	0	0	0	0	0	0	
834.132	4.83212e+07	1322	0	0	0	0	0	0	
831.153	4.84391e+07	3239	0	0	0	0	0	0	
828.172	4.85724e+07	864	0	0	0	0	0	0	
825.189	4.87229e+07	1203	0	0	0	0	0	0	
822.204	4.89029e+07	-173	0	0	0	0	0	0	
819.217	4.91044e+07	-999	0	0	0	0	0	0	
816.228	4.93284e+07	-568	0	0	0	0	0	0	
813.237	4.95689e+07	-1693	0	0	0	0	0	0	
810.245	4.98458e+07	-93	0	0	0	0	0	0	
807.25	5.0139e+07	1023	0	0	0	0	0	0	
804.254	5.04786e+07	3914	0	0	0	0	0	0	
801.255	5.08265e+07	-322	0	0	0	0	0	0	
798.255	5.11662e+07	-3877	0	0	0	0	0	0	
795.253	5.15029e+07	1693	0	0	0	0	0	0	
792.249	5.1819e+07	-46	0	0	0	0	0	0	
789.242	5.21561e+07	-4288	0	0	0	0	0	0	
786.234	5.2456e+07	-36	0	0	0	0	0	0	
783.224	5.27405e+07	1881	0	0	0	0	0	0	
780.212	5.30538e+07	880	0	0	0	0	0	0	
777.198	5.33671e+07	-1560	0	0	0	0	0	0	
774.182	5.3686e+07	-2710	0	0	0	0	0	0	
771.165	5.39887e+07	-6469	0	0	0	0	0	0	
768.145	5.43171e+07	-190	0	0	0	0	0	0	
765.123	5.46775e+07	1660	0	0	0	0	0	0	
762.099	5.49885e+07	1515	0	0	0	0	0	0	
759.074	5.53392e+07	-2351	0	0	0	0	0	0	
756.046	5.55944e+07	1487	0	0	0	0	0	0	
753.017	5.58227e+07	177	0	0	0	0	0	0	
749.985	5.60008e+07	-667	0	0	0	0	0	0	
746.952	5.61407e+07	27	0	0	0	0	0	0	
743.916	5.62538e+07	-461	0	0	0	0	0	0	
740.879	5.64032e+07	-1394	0	0	0	0	0	0	
737.839	5.65787e+07	4016	0	0	0	0	0	0	
734.798	5.67298e+07	1605	0	0	0	0	0	0	
731.755	5.67806e+07	-1840	0	0	0	0	0	0	
728.71	5.68022e+07	101	0	0	0	0	0	0	
725.662	5.68484e+07	-367	0	0	0	0	0	0	
722.613	5.6905e+07	1832	0	0	0	0	0	0	
719.562	5.6984e+07	-1619	0	0	0	0	0	0	
716.509	5.70787e+07	1787	0	0	0	0	0	0	
713.454	5.71858e+07	2175	0	0	0	0	0	0	
710.397	5.7342e+07	1591	0	0	0	0	0	0	
707.338	5.75042e+07	-2296	0	0	0	0	0	0	
704.277	5.76764e+07	1528	0	0	0	0	0	0	
701.214	5.7815e+07	540	0	0	0	0	0	0	
698.149	5.8014e+07	-857	0	0	0	0	0	0	
695.082	5.81931e+07	2668	0	0	0	0	0	0	
692.013	5.84049e+07	-2530	0	0	0	0	0	0	
688.942	5.86253e+07	-2687	0	0	0	0	0	0	
685.869	5.88648e+07	-7182	0	0	0	0	0	0	
682.794	5.91298e+07	2741	0	0	0	0	0	0	
679.717	5.94296e+07	4269	0	0	0	0	0	0	
676.638	5.97162e+07	-2409	0	0	0	0	0	0	
673.558	6.0032e+07	-210	0	0	0	0	0	0	
670.475	6.03404e+07	-446	0	0	0	0	0	0	
667.39	6.06457e+07	255	0	0	0	0	0	0	
664.303	6.09208e+07	-1250	0	0	0	0	0	0	
661.214	6.11778e+07	-756	0	0	0	0	0	0	
658.123	6.14248e+07	3740	0	0	0	0	0	0	
655.03	6.16301e+07	209	0	0	0	0	0	0	
651.936	6.17782e+07	-4768	0	0	0	0	0	0	
648.839	6.1866e+07	829	0	0	0	0	0	0	
645.74	6.19282e+07	-4359	0	0	0	0	0	0	
642.639	6.19996e+07	-1053	0	0	0	0	0	0	
639.536	6.20555e+07	-49	0	0	0	0	0	0	
636.431	6.21374e+07	1736	0	0	0	0	0	0	
633.325	6.22592e+07	239	0	0	0	0	0	0	
630.216	6.24174e+07	-3672	0	0	0	0	0	0	
627.105	6.25937e+07	3984	0	0	0	0	0	0	
623.992	6.28039e+07	3925	0	0	0	0	0	0	
620.877	6.30219e+07	482	0	0	0	0	0	0	
617.76	6.32282e+07	-1028	0	0	0	0	0	0	
614.641	6.34531e+07	-3040	0	0	0	0	0	0	
611.52	6.37019e+07	-781	0	0	0	0	0	0	
608.397	6.39646e+07	388	0	0	0	0	0	0	
605.272	6.42372e+07	1219	0	0	0	0	0	0	
602.145	6.45101e+07	-120	0	0	0	0	0	0	
599.016	6.47566e+07	-2444	0	0	0	0	0	0	
595.885	6.49712e+07	-116	0	0	0	0	0	0	
592.752	6.51803e+07	2184	0	0	0	0	0	0	
589.617	6.53866e+07	1429	0	0	0	0	0	0	
586.479	6.55725e+07	2212	0	0	0	0	0	0	
583.34	6.58027e+07	-1473	0	0	0	0	0	0	
580.199	6.60037e+07	226	0	0	0	0	0	0	
577.056	6.6248e+07	-3042	0	0	0	0	0	0	
573.911	6.64798e+07	13	0	0	0	0	0	0	
570.763	6.67263e+07	1127	0	0	0	0	0	0	
567.614	6.69606e+07	2549	0	0	0	0	0	0	
564.462	6.72221e+07	2777	0	0	0	0	0	0	
561.309	6.74737e+07	1693	0	0	0	0	0	0	
558.154	6.77258e+07	-3579	0	0	0	0	0	0	
554.996	6.79885e+07	-1655	0	0	0	0	0	0	
551.836	6.82674e+07	-3057	0	0	0	0	0	0	
548.675	6.85471e+07	-2993	0	0	0	0	0	0	
545.511	6.88735e+07	2233	0	0	0	0	0	0	
542.345	6.91935e+07	1743	0	0	0	0	0	0	
539.178	6.95321e+07	-957	0	0	0	0	0	0	
536.008	6.99079e+07	267	0	0	0	0	0	0	
532.836	7.03074e+07	-1312	0	0	0	0	0	0	
529.662	7.07366e+07	4652	0	0	0	0	0	0	
526.486	7.1201e+07	1400	0	0	0	0	0	0	
523.308	7.1685e+07	-3859	0	0	0	0	0	0	
520.128	7.21731e+07	-509	0	0	0	0	0	0	
516.946	7.2627e+07	-1836	0	0	0	0	0	0	
513.762	7.31163e+07	798	0	0	0	0	0	0	
510.575	7.35064e+07	-4125	0	0	0	0	0	0	
507.387	7.39216e+07	3869	0	0	0	0	0	0	
504.197	7.42553e+07	-476	0	0	0	0	0	0	
501.004	7.45617e+07	-878	0	0	0	0	0	0	
497.81	7.47789e+07	3878	0	0	0	0	0	0	
494.613	7.4964e+07	2936	0	0	0	0	0	0	
491.414	7.50722e+07	-2069	0	0	0	0	0	0	
488.214	7.50809e+07	-2878	0	0	0	0	0	0	
485.011	7.50378e+07	1943	0	0	0	0	0	0	
481.806	7.49759e+07	-4651	0	0	0	0	0	0	
478.599	7.48928e+07	1871	0	0	0	0	0	0	
475.39	7.48199e+07	447	0	0	0	0	0	0	
472.179	7.47716e+07	4287	0	0	0	0	0	0	
468.965	7.47527e+07	1604	0	0	0	0	0	0	
465.75	7.47925e+07	-2164	0	0	0	0	0	0	
462.533	7.487e+07	832	0	0	0	0	0	0	
459.313	7.50063e+07	-523	0	0	0	0	0	0	
456.092	7.52316e+07	2546	0	0	0	0	0	0	
452.868	7.5506e+07	-8	0	0	0	0	0	0	
449.642	7.58247e+07	2463	0	0	0	0	0	0	
446.415	7.61904e+07	1823	0	0	0	0	0	0	
443.185	7.65783e+07	7167	0	0	0	0	0	0	
439.953	7.69196e+07	6388	0	0	0	0	0	0	
436.719	7.7257e+07	-1235	0	0	0	0	0	0	
433.482	7.76108e+07	-3938	0	0	0	0	0	0	
430.244	7.7955e+07	-70	0	0	0	0	0	0	
427.004	7.83008e+07	1448	0	0	0	0	0	0	
423.761	7.86328e+07	-4257	0	0	0	0	0	0	
420.517	7.89333e+07	-4343	0	0	0	0	0	0	
417.27	7.91872e+07	1911	0	0	0	0	0	0	
414.021	7.93811e+07	-590	0	0	0	0	0	0	
410.77	7.95733e+07	-2231	0	0	0	0	0	0	
407.517	7.97391e+07	1665	0	0	0	0	0	0	
404.262	7.9884e+07	393	0	0	0	0	0	0	
401.005	8.00525e+07	2032	0	0	0	0	0	0	
397.746	8.0313e+07	-2159	0	0	0	0	0	0	
394.484	8.06147e+07	-1600	0	0	0	0	0	0	
391.221	8.10163e+07	-1095	0	0	0	0	0	0	
387.955	8.15687e+07	1324	0	0	0	0	0	0	
384.687	8.22277e+07	-1612	0	0	0	0	0	0	
381.417	8.314e+07	121	0	0	0	0	0	0	
378.145	8.43853e+07	2224	0	0	0	0	0	0	
374.871	8.60731e+07	-6905	0	0	0	0	0	0	
371.595	8.8264e+07	443	0	0	0	0	0	0	
368.317	9.10183e+07	675	0	0	0	0	0	0	
365.036	9.43001e+07	-3678	0	0	0	0	0	0	
361.753	9.81831e+07	1631	0	0	0	0	0	0	
358.469	1.02621e+08	-2101	0	0	0	0	0	0	
355.182	1.07662e+08	-176	0	0	0	0	0	0	
351.893	1.13392e+08	-4939	0	0	0	0	0	0	
348.602	1.20125e+08	594	0	0	0	0	0	0	
345.308	1.2848e+08	622	0	0	0	0	0	0	
342.013	1.39527e+08	3019	0	0	0	0	0	0	
338.715	1.54974e+08	7336	0	0	0	0	0	0	
335.415	1.7724e+08	901	0	0	0	0	0	0	
332.114	2.07776e+08	10282	0	0	0	0	0	0	
328.81	2.44591e+08	8548	0	0	0	0	0	0	
325.504	2.80646e+08	2370	0	0	0	0	0	0	
322.195	3.0653e+08	8410	0	0	0	0	0	0	
318.885	3.14787e+08	11989	0	0	0	0	0	0	
315.572	3.06017e+08	11649	0	0	0	0	0	0	
312.258	2.86482e+08	130	0	0	0	0	0	0	
308.941	2.64111e+08	1500	0	0	0	0	0	0	
305.622	2.4447e+08	8966	0	0	0	0	0	0	
302.3	2.29758e+08	1627	0	0	0	0	0	0	
298.977	2.19691e+08	4986	0	0	0	0	0	0	
295.652	2.12826e+08	3364	0	0	0	0	0	0	
292.324	2.07323e+08	-2891	0	0	0	0	0	0	
288.994	2.01891e+08	2842	0	0	0	0	0	0	
285.662	1.95805e+08	5715	0	0	0	0	0	0	
282.328	1.89277e+08	-3242	0	0	0	0	0	0	
278.992	1.82983e+08	7608	0	0	0	0	0	0	
275.653	1.7749e+08	5287	0	0	0	0	0	0	
272.313	1.72835e+08	2540	0	0	0	0	0	0	
268.97	1.68644e+08	7995	0	0	0	0	0	0	
265.625	1.64764e+08	-4280	0	0	0	0	0	0	
262.278	1.61455e+08	1090	0	0	0	0	0	0	
258.929	1.58998e+08	-1740	0	0	0	0	0	0	
255.577	1.5757e+08	-5069	0	0	0	0	0	0	
252.224	1.57201e+08	-3362	0	0	0	0	0	0	
248.868	1.57749e+08	1643	0	0	0	0	0	0	
245.51	1.59056e+08	167	0	0	0	0	0	0	
242.15	1.61121e+08	2155	0	0	0	0	0	0	
238.787	1.63844e+08	-1001	0	0	0	0	0	0	
235.423	1.67047e+08	-1932	0	0	0	0	0	0	
232.056	1.70708e+08	-2538	0	0	0	0	0	0	
228.687	1.74718e+08	-3298	0	0	0	0	0	0	
225.316	1.79426e+08	-2682	0	0	0	0	0	0	
221.943	1.84436e+08	5954	0	0	0	0	0	0	
218.568	1.89806e+08	696	0	0	0	0	0	0	
215.19	1.95632e+08	1800	0	0	0	0	0	0	
211.81	2.01667e+08	167	0	0	0	0	0	0	
208.428	2.07839e+08	1435	0	0	0	0	0	0	
205.044	2.14247e+08	4019	0	0	0	0	0	0	
201.658	2.20834e+08	5278	0	0	0	0	0	0	
198.269	2.27412e+08	-1201	0	0	0	0	0	0	
194.878	2.34109e+08	718	0	0	0	0	0	0	
191.485	2.40941e+08	-45	0	0	0	0	0	0	
188.09	2.47866e+08	5702	0	0	0	0	0	0	
184.693	2.5479e+08	4594	0	0	0	0	0	0	
181.293	2.61692e+08	4171	0	0	0	0	0	0	
177.891	2.68521e+08	2620	0	0	0	0	0	0	
174.487	2.75193e+08	5184	0	0	0	0	0	0	
171.081	2.81686e+08	-683	0	0	0	0	0	0	
167.673	2.87978e+08	-5593	0	0	0	0	0	0	
164.262	2.94294e+08	5273	0	0	0	0	0	0	
160.849	3.0049e+08	-4002	0	0	0	0	0	0	
157.434	3.06622e+08	-7752	0	0	0	0	0	0	
154.017	3.12808e+08	-1850	0	0	0	0	0	0	
150.597	3.19478e+08	8780	0	0	0	0	0	0	
147.176	3.26577e+08	-12511	0	0	0	0	0	0	
143.752	3.34109e+08	-1098	0	0	0	0	0	0	
140.325	3.42113e+08	-8897	0	0	0	0	0	0	
136.897	3.50671e+08	-9950	0	0	0	0	0	0	
133.466	3.59888e+08	-12401	0	0	0	0	0	0	
130.034	3.69987e+08	-8390	0	0	0	0	0	0	
126.599	3.81164e+08	-10394	0	0	0	0	0	0	
123.161	3.93815e+08	-10250	0	0	0	0	0	0	
119.722	4.07132e+08	1119	0	0	0	0	0	0	
116.28	4.21578e+08	-6349	0	0	0	0	0	0	
112.836	4.37983e+08	-6289	0	0	0	0	0	0	
109.39	4.56582e+08	-9873	0	0	0	0	0	0	
105.941	4.78061e+08	-6649	0	0	0	0	0	0	
102.491	4.99469e+08	-4197	0	0	0	0	0	0	
99.0378	5.13767e+08	-9711	0	0	0	0	0	0	
95.5826	5.10247e+08	5341	0	0	0	0	0	0	
92.1252	4.83883e+08	-6549	0	0	0	0	0	0	
88.6656	4.41122e+08	-13139	0	0	0	0	0	0	
85.2037	3.93739e+08	-14627	0	0	0	0	0	0	
81.7396	3.49985e+08	-7987	0	0	0	0	0	0	
78.2732	3.08874e+08	-11922	0	0	0	0	0	0	
74.8045	2.64624e+08	-7455	0	0	0	0	0	0	
71.3337	2.15002e+08	8174	0	0	0	0	0	0	
67.8605	1.63038e+08	1284	0	0	0	0	0	0	
64.3851	1.13677e+08	9329	0	0	0	0	0	0	
60.9075	7.17559e+07	-2070	0	0	0	0	0	0	
57.4276	4.11496e+07	4639	0	0	0	0	0	0	
53.9455	2.27876e+07	1596	0	0	0	0	0	0	
50.4611	1.39977e+07	1330	0	0	0	0	0	0	
46.9744	1.06479e+07	71	0	0	0	0	0	0	
43.4854	9.53700e+06	-609	0	0	0	0	0	0	
39.9943	9.17098e+06	-416	0	0	0	0	0	0	
36.5008	9.02629e+06	-201	0	0	0	0	0	0	
33.0051	8.94294e+06	1309	0	0	0	0	0	0	
29.5071	8.88396e+06	-823	0	0	0	0	0	0	
26.0068	8.835e+06	-785	0	0	0	0	0	0	
22.5043	8.80802e+06	-421	0	0	0	0	0	0	
18.9995	8.80964e+06	1144	0	0	0	0	0	0	
15.4924	8.8682e+06	568	0	0	0	0	0	0	
11.9831	9.10483e+06	-27	0	0	0	0	0	0	
8.47142	1.53677e+07	-7862	0	0	0	0	0	0	
4.95752	7.13994e+07	-97690	0	0	0	0	0	0	
1.44133	1.27862e+08	-179273	0	0	0	0	0	0	
-2.07713	1.31356e+08	-164583	0	0	0	0	0	0	
-5.59788	7.21622e+07	-51427	0	0	0	0	0	0	
-9.12091	3.22647e+07	-4393	0	0	0	0	0	0	
-12.6462	1.78013e+07	2156	0	0	0	0	0	0	
-16.1738	1.16214e+07	-718	0	0	0	0	0	0	
-19.7037	9.03501e+06	-1184	0	0	0	0	0	0	
-23.2359	8.1282e+06	-372	0	0	0	0	0	0	
-26.7704	7.93747e+06	-461	0	0	0	0	0	0	
-30.3071	7.86654e+06	659	0	0	0	0	0	0	
-33.8462	7.81099e+06	-208	0	0	0	0	0	0	
-37.3875	7.76347e+06	1	0	0	0	0	0	0	
-40.9312	7.71965e+06	545	0	0	0	0	0	0	
-44.4771	7.68181e+06	82	0	0	0	0	0	0	
-48.0254	7.64655e+06	518	0	0	0	0	0	0	
